0
0
447291561753
0
488602638329
336058852796
469666663226
25330641602
236813761182
0
188959884702
282623665134
510010860366
428087909226
191841671728
446637986926
282061304542
202652905944
107000810754
675307034154
528370643244
536213034730
220682901722
497663589950
409779402231
302270101519
741204478015
389404394178
403395334343
92062656941
521866841343
584428025387
956685763639
182733206855
724406606375
934778884359
585023425787
568058483723
286542735007
80924700125
730651417289
959942086335
544828937117
856013963843
429950399273
64275320273
679807745783
273538873807
537661418823
638254808335
219598662735
223135518167
945015407007
808758319359
347171898503
320976248729
371662990799
593481588855
838873703383
706150548951
677161637687
435693036131
109478118641
814845295287
275184996299
844110917513
813353016983
495938992847
7163521571
347057763251
932253992729
888536764303
829572232079
913404608399
220795797223
720054452679
308592802871
851784636335
215693608087
142955755559
781001163647
885243161813
624580785599
786445252055
697782338207
332270001983
5081708391
758668975445
48643082771
614927732079
492145925057
391130293193
308788402541
191498493077
702134450095
178659675785
447719131877
596197106627
76720807703
467535049523
51816566903
583779038951
406207815989
421205266791
468977653959
154343631311
626431522399
112433209439
115051514975
784028070815
262700374663
842011138769
772696608869
472387562783
966620323967
70183810511
193873148339
353579344119
455868592983
927805502911
272243358047
370909059071
597986671855
369314503207
530400400757
58233895215
826509889355
550041667619
870045566603
54462288431
553152634709
188216011039
329497420787
182653085847
890619627425
608544638263
434369262575
96951886559
690463874957
700661099141
212145986615
772433226335
219050646587
228919557703
787039804505
260806778695
49249055087
514776571255
505312212569
568144027991
19231078263
52081656463
347174820719
239784356791
768752208247
180938719127
695277687191
612905034185
951355429895
518123244509
504754520861
653564927501
931439286515
280819087935
534634977119
236945910983
362515349969
69973410959
918206023351
259180078455
905674326539
754381909091
218064266591
457044996155
614186137379
101314838981
812637493709
730260010535
474195418241
959821031249
33903945869
737246236250
143465231342
832907466653
510347784302
250931180261
445747364219
132300002281
840851100323
603314727007
816659192952
482160276694
602404155797
845816739659
86599589042
660441802121
494823242189
752330938187
249373396625
829395552926
364349183201
93187963697
460214601605
633352617968
324396991469
490395077879
384109984926
462382838676
945918238179
509344065611
55350084002
327289477637
200253760569
973439823065
561883290363
704267240897
782672542571
760564144735
294529064419
555312945827
923118565925
340781250701
91099100627
712241715138
668614662825
107582760701
391441886069
659574769430
166777468469
850106301543
79730922323
159734874071
754622237393
712250567927
858622809929
624726204029
933396569461
540494673984
875646299699
948192861437
193287228100
317042822010
951482207946
45875224300
969002517904
652399509351
300482200956
113231325488
262189206102
313861216869
209514798372
352727744938
722658216818
981541356104
215833785744
699261997806
718914565730
955280962480
819430028036
748562307160
359343957029
415768389432
456237301473
185211911008
591899314622
40539280840
282010098736
619067835258
894430340218
90767699082
848717765966
338370380496
124660571755
864230092624
308954130152
775791549650
857175209935
7765459026
15343958752
64935651006
195891747192
45994117369
907340938612
11614890118
931277487249
949782059108
380194851327
385465795064
964174946467
80530040708
614463224086
652891953578
457787849433
171273422832
513718226782
697928964738
745125276454
679403742676
442733286578
768710485171
597713869472
398922905358
796673027324
814432921954
845555284172
898524149476
950838317562
810099579416
98467554924
11499625790
267505796511
641802110409
858555793984
161162732374
153028343578
618405145600
658337690158
366226004513
804635488675
162738061156
915515570871
56493116152
619629274581
656147660862
849473933476
203772241192
572952811280
709089549004
148931294560
172517439514
238502598131
234329439916
799247410271
967626577588
131776478370
809714035501
667731943918
560473912172
822491327920
186077407918
225197906812
989473095493
367593497518
829148908180
636346488423
956535586258
430829563294
793195490050
246230486602
295695182424
847956554574
354581858968
888856157872
404287166090
845906306386
133865819924
836687199730
874357759246
328488921088
709305497422
685719352468
172691591464
793521399826
874916040640
454986926644
394039632920
508957401882
854808160814
478108334680
615153315110
516236665036
350055906002
769346123704
847779186214
233446148813
486872655958
947242105055
926973541534
967163548547
895963547740
591434607869
365903726026
545602664422
522102925482
750224565973
381053449000
73601561202
733874854528
404242351805
201337211547
663054806410
504609420364
745274343598
63315210478
673517769274
801204983860
743124987356
504388361512
281318621488
802800215722
151633190117
285246494326
784179851781
24013593556
848245913440
414540674498
32959984072
770476618648
523083324556
986478774964
396440682723
752379743158
501947451835
212424265656
249557382207
984994654612
54608608132
329394511228
702332037530
528149866338
883237347345
180250596645
222544826248
449140396894
585481279075
894404071294
904023208601
32876330740
829564882552
263671890236
379817570607
807458531596
917698536637
473347517944
135432030550
906367493643
455466075433
79138159078
952523219574
32477981540
855681541435
628743993941
645896571420
354994222006
205223107993
702090072272
597255485554
130133287920
261217063291
536613274726
207778967132
572464803994
894042569395
544788523396
911529879820
534597610124
734809998058
313791167984
247745521020
230691583636
592229314523
793166609733
881493189216
714539765402
203079989297
235079380533
183926363888
84341181394
981004191501
204020644404
822906398016
821334877538
704874501299
295567487524
695255363992
159004467084
163420396652
269143216498
336352693522
604988439399
243992443883
615698468228
124321373092
342087193210
225715691880
500903230566
557092923337
497939017916
289771729820
170793786637
453944381489
39277802384
345382202028
759432407731
319885987742
309377481571
895930744603
704822715903
957293451244
920166449652
950849157061
117597238596
206205038771
904216407963
518381348081
951212650706
532771712931
362517842080
287543961919
834308902072
886304636185
560639837362
802272872445
430623990476
894755614463
258406709685
924630205172
743283331163
187756831602
398672269044
205423278466
477627237302
975488123254
207315437166
414199090059
497659036822
656579693448
239878492520
315548906552
690220230104
462362495958
967242132030
829602031296
550677093736
858124417904
213842388808
217708830416
597279498464
511506836762
930461645005
893413807752
146082492678
138444289594
381809316607
446290101611
728495612986
839765499149
862930741596
676052940806
815365614776
723704467983
243223975808
610249298822
951451596878
604333154965
386260868917
364038308804
911423540864
958389349040
123446000725
214287544039
928232097182
487740133652
451858713164
638431846485
614014596168
126863434592
65797664880
467873432466
32642300585
382525032000
249988358894
456206889300
657986808713
236007534169
633504266881
292518347554
868127962189
977104241882
62156914284
360501181104
599075941398
652017296902
837263150982
651360686436
347289261864
371534030406
82472797886
421867312159
54124277068
942251785452
671794324428
311935879308
991167075466
250542342838
287107769545
540307483922
406500991769
241407586006
392460178342
37622661458
136248944013
131088060352
957841343340
729188740594
76567471446
476334640474
362239853734
18307490918
955439135718
152632050736
938083061074
141160589649
927550708226
851626878566
56437690047
642161390870
590702641214
433236198327
329574728518
302906778408
57324017017
769601385390
208034457472
815398719926
297797470327
424248444502
649470102817
4801674997
390063112031
799912653435
38522923004
502685743652
891285552888
273414515795
407191131758
53327047896
459321554424
520590194395
410065221236
899238610156
885790550278
594546444582
637316468725
420279635608
342409022012
228886046346
284910873707
247118801774
993669704315
88477129868
853567815118
366398718810
616506706517
898833714398
387864600266
554627716646
524962673544
603843185449
357009886608
380464888057
887921794264
333851165726
150158658712
12766655104
701716588016
76302368778
768260265986
700483697242
432987389604
882382951198
192334173758
417292271597
290456088904
3286952164
597000542066
214733657652
121271014093
644118043830
779771122010
25798230650
588364331410
260270983941
269780575218
420946129634
434701127510
319818234310
752184767870
627058128202
579357719326
46843642278
565711208279
823961990512
153294247690
609325466314
92907008672
353179824952
281430297572
969775911112
84290366320
293901550196
110966287422
672931874824
392855437632
338843995840
835866656354
377084829960
703085449898
8503334938
212689167874
402989543571
421465975340
98664696993
852811435449
394374246248
166900919080
890975680574
372521437040
301448797775
7975092538
864759087886
929908994624
902503769975
900977282786
10528784225
606577660632
591222856175
640674575286
265330764875
501646525570
535982631725
520078888625
572567424425
14020506575
389971589075
303323815775
205155514390
144207594125
418711226675
870988418134
109989840902
816695002500
689876728775
609715242358
717873632806
195081420275
97255348175
864653472242
369765466556
777657069180
250755491975
413900849260
68239531070
162693515166
460407602084
980799140638
509945324616
981238197608
221443508126
122972594122
158986532352
831521475102
185121422372
387843676412
751662194590
540672502402
189728689406
656305690598
26481935870
666586457502
800077058014
441615988444
291139279326
9362818526
407405994334
48088123838
693998519018
956111770974
142719730428
684298818128
200115854698
169567304254
535329945014
521376789950
348899462622
52965364134
656899529502
63037043582
292567405410
803581303518
7029533612
262800988734
211662832984
224454844382
2868190398
832676841460
79461937916
139140755020
966129182272
523327623810
831068477534
287107201854
576368100446
98325290484
734128993566
266874973470
917487242654
779004166828
628742202526
250120050206
254767765342
301045551776
3922856542
33577234782
15897262212
642919829054
894297558782
664758927614
799112986896
397999716594
831266040350
373115275944
133350448030
486631676926
425613702750
960698620798
972464128164
269723538712
473752039066
72665670862
613686519038
454700337342
302023194462
651035869182
348682941758
829945780326
855746867070
402216371362
446187175998
271611492094
374186505278
455657219870
187978026630
37418733982
333041554366
354306497470
482448932862
387181087702
543345773844
693234300160
865735534406
798965517726
647650360926
997208827870
622291477246
709122330462
534513719422
103076440958
31211469950
62889370366
704106733248
40723913170
698913631960
201034670558
207650031518
74351535670
399054876660
403518632180
156084094890
56993704216
85778949076
906057535294
852256586934
781473181600
503565541894
764913445720
282332651682
456843572286
354712248164
16932068638
251472058366
623495094778
511848874142
221194060126
722236754552
344623923902
16901607204
86086828642
846223542364
504239712350
240720087946
149332664666
107529793496
919374332322
568342859390
212064371706
28985631076
399093735246
368145872510
757528213758
579245732574
757077960584
134017970878
481963157200
894500110558
488415675224
227344450014
648420656350
792962370194
407669411422
881918640914
207103425560
622253561150
135045657880
185769065472
498310832286
614620391560
879756735966
861407341086
642708174620
872162146706
448060535476
611415544446
695398424488
589144827006
691547438978
231309675422
446921679994
239619287198
136801268868
752018406334
270631235426
954162730532
479818960352
433480294878
113832855420
386346596382
187861820574
599709654650
677826584382
928273944890
617047082494
136644838150
96169137148
509171142018
95822493118
291653730452
983730128982
378192797848
327301999424
158081720542
88843795500
218825301918
196769109758
318823018366
344376860662
837478293342
532073120190
902662049118
601776873726
317351275166
245172997470
428182019358
626892730118
878217111504
844560594158
655431142942
504700411880
610118414846
652986552542
626739633982
915007729534
908634416976
277473520094
842804983170
546613943006
949106273342
617969204574
466477276318
101271568402
120723778004
701118043038
625884526238
26472775848
169815754462
96329553362
357757167108
771859168874
635844154134
489862410272
382441336584
388341182590
402004946238
519182645342
455386818238
220386846398
197776879678
178763559878
588009234768
951396796308
302776253414
30769140536
298945006142
387565688066
758438200062
676192319264
631886245118
478222285950
278250800062
123399468414
844103632222
171698271844
85175054686
93746087966
447351117188
76296457718
756585751828
995339878830
227690683838
10515268286
114319085932
813096099612
575528957374
611304789534
360703341982
328122015226
21048958430
441651857908
331923029534
113004868626
839606622630
993253471674
256913158194
980443091156
11154521972
934145380094
907967309182
556862264638
827720877184
942959874622
931685822814
797797773216
519081868350
716444832490
498907493444
185235009008
300944918002
77239027522
157534213
452986130686
890754485546
173207778454
843637663358
445769871650
558327253308
346320786336
417379923166
793139410238
206559405356
873720094366
262452997634
141261940798
188974400630
140834885822
960923128122
47119267806
503914432158
975186560638
823651889598
368471176730
663984745016
178837789726
836253004766
48019363598
77335402942
960868327552
327009065468
263246003966
745552902526
642668319660
511645324574
219325945418
245876440830
315744830046
417750838396
82845210366
270528608904
804607989506
148496930590
368821377694
307869717302
384221856922
22545646430
287488358398
764175504062
502857770430
230983397438
644422934274
891170478654
315988172654
30078976030
700104298890
370858868958
126574486132
380527473438
842298825178
897129292478
163056720142
644859346086
371668540896
66772118652
699264355608
450641319486
652920698270
816584404986
834996784638
726254134520
292012347326
371778142036
236239765694
276351418560
223034449446
586186373726
308413054430
772560616170
100921210238
198192852878
927604381562
533353138998
473407939550
153745316510
715929267486
600586507870
647344302842
797014623252
239821838974
241994450292
48471275966
421395038174
140792743112
820510118546
443401490652
62141968674
847421290622
625771775742
59889009822
575961999102
950801521950
628498885006
616141087358
352188432822
625218821798
367516650438
535176503418
227677552286
960230656350
113954369342
939739999838
301965322526
275398112734
62547127710
849410887870
917513185246
854646888160
96115332952
277936495582
982376056716
288549011294
633447874664
267980880586
265078443124
543019896222
478956660862
505917000702
886989188200
695540385758
486813505832
259507716090
789527869016
945823537662
491225449904
588826531358
852589375850
588583146192
596223342024
578807701886
684667476508
258301944606
6705931
174155151870
751717468464
600470884386
640520139294
983501161374
901819912670
659657789854
903223806014
694337286178
948995534968
208628865470
439374252222
958199151838
910745162110
48893183596
632156573960
3787156830
618018931902
330033060558
837986518506
435552708862
736729014382
713336006078
671690701532
340513918664
66285854334
825858007710
254778741054
273205963710
566512908862
404841816852
403604406814
156417880180
645920189598
288246131372
544905723102
844089309256
783193919498
800455102674
420085342678
440950763582
304130325680
265325543876
604088718380
422252141502
880256689082
357883706606
868059603945
931491824029
267321280998
768176369969
921095070220
528489837504
335390666573
439113795133
361442754534
220437898802
218243883254
485718241893
28906917530
838441843377
406964093472
738436676257
263999370082
227306901158
288489246628
233965668600
461934047052
32512795036
143163065057
559478798945
266943196353
942487794933
845641895585
630328951773
162579456996
421149644885
484561875929
414113502805
56943885516
819285574900
439888275928
906887773354
37452026469
714221953201
849496630954
927426030616
895322860336
103681797108
865146201365
178582219810
107344704281
769626574821
217536286185
280785282860
485205358196
204740026432
764507381677
756593722820
188972407882
602159397153
827797597982
87406636333
381620324408
862470668361
129803390173
766490294445
807581169522
298444019262
613274302845
973021053533
176988518545
619225632188
723913639245
57643340064
536678300469
682507337676
968691427469
985508656572
372505495056
698313675717
176821610061
169061866240
294048017174
254422223194
891693645389
560391298621
116993353748
107019882381
87878377677
714475997466
175697717080
386089868177
281434250901
242581553853
693959063353
853876691058
946892189454
757686121777
305270177536
303780998169
466677783666
550088947405
456431073450
673166463945
785205033145
755401374505
991885710033
193142233072
330564127900
209972982680
172306085925
175724619178
894800941657
209094180812
704720499632
198033433038
289079059249
534194662249
89128758464
825385002449
44843973461
711127649809
576737255706
34830463873
880235765228
201296190637
909759739741
146179140956
398366382226
716737766446
180337830798
460212312780
21104312736
666241261037
109545497585
528904329088
247253312264
442046187301
875504521893
79986704685
430378584653
122971597748
194124657836
722494815418
572358736869
769691059050
245226687548
296573825264
236925895754
231427669533
438901865668
787271081906
227658621180
502219440620
770832903654
574522316304
512246948556
478273584278
25384735440
891809645612
306868305397
285295867958
651263473365
431043463930
775791857052
569270430189
707551198166
611286392817
381686282665
663301872705
175417380001
833595498288
161287127625
953122963665
830174946346
959989525684
840230862457
809707598377
647805369445
155861102717
209964437833
664818710054
574738432081
403395379557
139267294518
425502258345
156924038172
341140637910
591624173621
958421233008
58928251045
282539897474
179462162245
820026940277
561215846521
757259355773
616651451153
690590919938
997335721789
723142062301
387835910821
711970187845
35336518952
83452415786
421478464593
29758817300
865298118069
141219191184
174302793480
924793610508
704745149337
499860487693
330040035176
989064257037
475212002469
385280312057
372157760530
393216125020
412672293021
860604691477
440670429518
981537109808
771890056468
599956755402
993880190920
476289411725
273554596742
966180993720
116774533901
816635220060
392347437149
729999302473
593964562166
327043938558
183052193829
825455963541
350550354509
99027264737
434550297301
941168020824
243597616058
246571792448
944556660573
14363842626
341884929288
338431497004
476757155261
61948672118
589785181941
970770287629
357578816162
565164371696
43238853549
822047832221
123996866594
360419478436
719751921117
19396926089
705752743096
936940836333
38238956414
51941082113
760384642177
97028011536
34739513741
846001698305
648981724449
503696384469
469522431436
738729515693
282803936584
291877524849
688173716614
805386157600
198925490493
668881813221
897327564824
321595230617
986734534425
857966138197
399375709088
260292842745
909233237750
568600797349
36526533917
299094651484
66110526316
766864089493
252817941237
428365210618
366167560042
601658671701
513122216281
487967306924
440326130409
149683489905
798965523544
193554435445
760790450108
865736530780
210846802678
21320525894
166733141573
147801521789
278194027517
236236404946
795415434777
778425750229
798385633876
270317346305
948736368837
343732092965
162160648673
367223716482
690794798321
75495167397
62069528681
263343755990
9676255937
453905684733
228474651486
162049709501
739806924949
505604338337
990862271185
785024132333
592550665625
448485987174
652305901801
941288582078
333310134644
557663794113
670001199461
711428089400
607456492753
59267429684
906780164962
817007863936
671057620225
684568835482
783019231621
842398673845
795031838992
11269104982
31789427512
156440784877
193357449856
436372298297
557531150482
227436857697
292317283729
272962895749
448878441173
366175787077
133991494188
257433265422
773160433318
522774923697
494183600333
319465398405
664962187910
693364389413
119897821401
809152451320
325102005632
585216686849
201002351749
770001369321
206381054410
683786681892
860485639800
439548512394
250403846852
413644759817
789551649893
90864441972
988045815449
269871590713
482725383310
149144349980
470469602729
884539104534
846254559661
589321436213
53476240385
82947081509
401038657294
205976624353
831479660745
533426870674
381596331985
455430713954
300325173374
523728400905
756536751977
233885958680
545537442997
543357638185
521984357165
282077579938
21549691914
750362137521
399312618137
175442645336
380283052057
652910048006
57835640246
420184174253
285323766430
475557812861
156501575596
578013610800
851289107780
776198377644
758870472397
141953518822
689016649018
939213590181
614353363328
541226486346
521914765478
379723358937
146521223777
607664378769
164625012818
759057369921
247161042917
829186543338
743188071065
838766665277
218553755568
761887817985
971518569238
244752363597
902964052542
151002766545
128176655524
57323504010
812880858477
324413685257
557423925633
141111190101
21823595545
581519850906
803348085301
893600129690
755172893496
263494087501
685492474180
338500961197
785093094521
322530717689
309577502338
828893078969
401406319300
175857136920
869048061973
231445838754
247173602344
426869508681
751727432204
231893414165
139347157321
975937454469
45057856189
986536642929
48549434566
304556773752
853272711605
547656281237
490870740760
578579551232
188000943232
662494315489
647095758525
745755663253
851296082398
562824885544
671131735718
441896269501
97653018237
303004423965
45043863861
340682764913
392707974280
894892426768
709032798417
924383104420
587394492757
445050489622
60358466857
561219727030
80396480005
966929270594
577318017693
991956192726
103596759281
765846051784
964603733678
773164634901
578665239396
614462651273
74313815133
778117919013
681312997197
125787592037
224268956832
554691484582
821128866800
641600771429
370336505753
525584383269
366571091512
924840440086
150696700672
505881186541
259965022489
175413382193
46043553956
141882767045
821801967029
13536139561
527840201656
631938069493
286392532273
588112857664
416214429688
708075323401
862032908385
235894220521
451351558798
325430809052
809951543268
273551607620
192963759313
29604379330
156513532084
926196727333
731866709262
964418770169
342504673916
681465913353
389570392554
910996819730
154694742233
610298934241
532215279890
889979306574
212444949
436925994705
412899168625
553142123012
565073731241
135435240114
171404580221
285564986017
411209095293
309251688040
668447051601
284655199476
825130304784
793541263488
623172875453
42168655470
654443729629
953226138972
946431632525
167294833597
394884046325
533271436330
382318935781
724736656918
425765670852
134945570713
944509686329
956873907021
246566810578
744660151422
453401100116
454621658266
968830352186
682633273289
818975516773
957306290502
323321284221
696041085718
55805962997
493593923653
576904244565
478571160641
321734154445
603258794353
219188380341
572188830029
371194266872
843545045289
770296207661
575042265489
347453052761
313561005590
571445513392
414905194252
961145564869
581364416562
90185112893
174413390994
401360486096
867434352076
416785351990
315571533413
484781899246
181587996649
846112637477
805926192308
392884332478
604268240873
11312358861
325000375484
530245827397
27430521265
240126899741
532816093412
740442500280
235599382181
708084258256
652765649721
990815296941
730960775297
107212946564
756053017209
497037035793
156322228276
472523509924
420362334650
917409482794
149746159876
977965342577
465810938286
27642405089
250249408882
604784957557
518668578986
667400315088
873316721465
922540808894
653005699910
28436969429
545818289009
333356781753
323977924185
817173262020
169890849408
501412636649
313507201394
652177971945
114552237448
678382349316
109142923002
449273122634
600761825594
581551734874
129318655953
787211299466
758131877369
959035593
79192140345
859110643680
558795549088
860089082948
311190631844
355971382157
723594814057
439044832945
936217038418
211613533633
588197052713
856938701541
22146418541
498845044461
485705249017
128992685830
538994030753
624612030032
250979751024
600814134761
514359537857
825109025
485145575756
239296269500
294111300069
681099114469
738835349018
619126094305
320259627992
777587210001
574950315905
529687479052
207263918529
556902211689
825117149313
249417805533
359860249889
784761215800
417534627001
833151115484
798333834617
745058701022
843140761208
365369464468
761449058557
140149085508
117084023782
197565137258
542006647188
886902272501
445748947796
581584678281
633865012949
495673783265
146686133357
955991390905
751691562740
416407726244
549173449373
164493369641
314352126546
204073667745
685803342868
931137018569
989227167713
782157703997
366868407313
651267471173
575811624260
490226086782
305947810105
649072674581
561438724317
978971446758
560775344226
865866806257
323540687574
193804298445
712561863429
256094144893
459509612097
610270949585
484491954412
743700789941
979920991180
116588635829
772431087550
795260519717
656529585953
984189929633
248953060353
566092172829
629756265777
489084242178
353214698042
146765008868
497462751144
73889218134
550418036496
783281600410
518395572510
742783293005
277055651689
42330068058
970680618704
230088777366
816523861017
685261832049
198909245784
844577532516
917008940446
112771717110
345888360020
102395478274
408454605581
126296313105
686656239012
772419043709
59454747996
534398335324
521980526162
744874146589
725193992584
143026140133
103602087188
986924504026
215701292313
10285921657
368702335498
184695292917
457325817302
836953659349
227495215844
863619038709
503778765930
543175737921
600184480001
447079107086
547481377137
487822088353
339853219753
398366137093
980490917108
5504085018
890297410945
245434989313
556535412805
622763756262
168306614748
931542796081
583572588309
668124228605
701199313916
551187345153
743127104493
819901334032
329868694273
675674089013
730745893117
281558469084
817791013900
686811982101
706591690004
980857756665
443676293513
410518159530
789307670362
731064718305
343634562032
94935508249
584143303648
204371504441
58967521110
496008599685
749450637297
715528168410
355642861480
279032660994
753337506125
9156792102
787616710821
121099411002
941467929398
991293034997
447480207825
250454237257
892854009161
187053000185
878845689929
60904167649
661515730244
353489697266
229611514220
540229115972
885259482936
200240401448
834503003045
720352611318
278209656070
63514736273
571425585912
682267211542
192421854670
358385879102
967303188641
136736504558
196066058321
335724483541
858876495790
49925187429
942827979908
563432631057
203814809677
954283327437
484716790989
370545627398
768349275165
671377444865
646750463938
151589451776
754168548504
641001385958
445230441373
88540014901
484366411288
649382884046
153140806094
608155109701
951167630288
315808403537
931978557153
650191939734
37912773841
322658647545
134442851610
795224139174
918526418048
264744657834
696332026926
693119523673
755178496709
868214519005
620893125441
17158153609
739840690384
568020115737
560000512889
141581931993
797153119238
319357457589
91345690614
603681201414
396368652356
747350788645
401177153280
27457193360
114778628257
311954516625
261320279401
318293041209
44533143889
622324340705
544020319042
780009881649
22257357713
786223474733
632368801622
985085197622
715662678900
870953017485
64541173477
522573368692
316755380634
870328818546
38602632924
427331255505
379342613444
29961133729
585743480292
46191234757
734950587681
189870455373
825574687588
903352638402
490403672869
456300548456
240142890973
844375268594
361256484333
159226257601
635222416758
258841141884
704419594684
172220133053
438002139946
394351991380
506437091762
153482406957
251387267990
13940383676
893615591585
2343276613
356004364073
886288608973
601813586761
563962744652
958242882062
408694795110
749862411521
473324594620
201025339145
709326637305
759454312574
936602635156
374938982213
901662788098
443709275429
334525710924
645639506928
924403710445
971214675168
887960692169
254846678518
109253657601
844051447044
986599686102
207214023074
418549070781
829765600565
840349797245
666018344350
286909248957
328811506034
653487254065
90271065765
252644036589
498202396825
530233833973
856323785602
780912223038
543278681477
447039449493
891282870617
534741087980
114525766901
898747777605
926955311401
232283789288
15947080912
602246422854
371201031733
962253287412
802715875280
609274845050
749095831837
651941101821
46309170093
572891444785
144442363617
733198548325
736389798561
486937247121
628498862019
185994580517
281058421651
214872746605
489414368039
102549333585
691380477193
964983460549
14294781879
123753707217
189925425233
210315085777
706805460591
943595837331
464342387017
111374494745
4492217859
363723131869
735897068725
904156811829
783854773493
286746338281
137344255513
66964844577
828332386397
538218346561
548938214737
343509048167
706861988673
809671429039
243485923209
32599896077
80053898657
32803575217
535312550825
902274182905
399794354001
165304229887
938032057875
16172693937
401519408153
383868432547
711465925279
578669661205
345658417709
918822629667
7081253881
370969158869
178524676269
159730458011
98400608333
657433912613
326388602409
966678531141
439849966355
536148916379
325435125201
840302823001
708658055259
986045635975
429942481925
515820337131
472807965241
370409642049
256880713617
130044976675
473495943385
235349519181
41188977497
71820182393
691613984465
498217690059
215659031993
109077754049
510497655329
745372204823
666675901871
523016791081
614167733255
8734999391
848682228569
801769423303
476396243263
233591483113
893235039773
932791033585
600484315601
585669438605
963528258437
666620943561
211574130697
806344952421
254210787595
324084782929
618313588313
244415548273
431776090995
783992908123
998853919931
755405372313
555229442369
395113920285
967229229193
871040969261
534132446023
917024993309
679633917837
990802027895
240065517843
788529466803
903244446887
39197891003
201219232833
854655953173
716943769923
69557860689
597802785885
7764735409
340312473009
597128155785
53472062973
137095391965
550509023161
322533959345
882645073057
510197602397
230772567243
695176395889
776963551953
406433315391
191673466781
446189915293
730558995593
322479745637
600815134213
688312488897
511887320619
796924607297
94455771289
878844955731
716388191371
305812884085
893086881477
10637556159
155471316437
826871187573
514561427161
967524067533
282215822365
588300355601
98190140957
577570495005
450335642189
101784752805
886056485245
731023089703
317868274109
11084483805
141366050361
455227301493
926749616453
375169855625
627661414385
280077166007
136334808993
902334810833
696101580287
32041319799
65524919977
264449021127
803242143389
191837376909
60181563853
720471094183
621180967617
483869255693
327447232259
496736813415
498872029665
31657203773
687712943697
460964814209
52718655769
753813245277
786586275809
900843268361
874874867133
919408185479
608082149705
482878326117
926734627823
174730079673
88569998461
562499142889
362112935723
500650054773
146692130069
631159843465
173425472165
629645326605
131307565433
427739031921
567601057571
199194343081
102703717071
499249907045
899161550733
475262974521
214157171267
665595721269
833670224153
143672639071
990983889939
952069409491
226205032061
43560677093
339828839881
500054381381
984412807429
304764438859
231213786805
911873580721
383351824433
19479848617
216827145891
316270150361
32669843017
942594736297
989212175933
495371848843
289334143895
661314968541
203459004765
352670098823
187304862089
268851150221
764104994597
643026989433
612924494645
774600847425
912609342911
53213259295
368666964001
28151126157
65598863885
630944007193
627817328897
367627990833
847217031937
234452011285
861744066757
58515477369
718442632923
721746126975
792684931913
221167295301
65411696169
149627122149
18829342075
445553639691
656421680467
348914947387
720389156339
926427860529
242837415151
166394402909
57244201523
244302303923
504883633441
462753833289
693163808807
758483684473
158637580373
316513526295
354569657865
17212568519
206841150333
152335067969
466297903611
268198177111
360322294059
330083232655
33088525415
758135522889
720929746261
607259973309
259505770953
746142451177
385109405765
20690216977
212986780681
157142400181
242459620709
858228994073
812163251941
846007695017
418104461951
424829360611
818532707095
50613809857
71801158979
795364282083
666273243501
439123517421
746166438025
151844440147
595565012857
714654715917
685153891233
959684632773
412343831821
386781488961
51910247727
142207588945
290794036457
867500910277
219007479529
900562782437
568819677337
297506438513
314515042295
771751409773
752768594107
822632597021
833583507205
363791094605
534864295089
899855170421
487378331665
215388237411
90248165541
155899364183
907588929997
526496882945
382152027297
895710162207
525820253941
355144835353
835617746811
32951494113
78149711909
725012036993
828242341609
396963905937
107460640713
427353445903
67534395639
625104816169
551932936345
985562002847
257015639637
854751900565
734518824417
911390267671
266952122337
457155838553
459390677309
486199806525
612624659045
408491753911
100838132257
742513373461
687641527261
383264890379
646975824285
476880875633
400732839429
364019969113
270648164917
173563964259
143313982309
884695482485
788496228581
375356753149
577629450283
157513140013
830521186277
261690113965
626869848401
612943661805
78847813563
64151387197
260463749037
410629132549
301762715891
227463077739
995672333403
603792603569
75441196989
261626111713
544495014561
133163610957
299359422521
906947281813
895164742185
908847196781
974613180569
75934926277
107804452201
501161774197
832356180149
649540900055
199119578409
343921988845
876497736273
643803252491
890650999961
652544621507
720407561629
379269920863
744422394285
275111717549
283327700233
323463206405
962741314051
268837157893
147387820827
599905552189
485196567557
750229520185
504063255759
243907826657
392750694685
621558127087
624458170725
916175222129
875541461679
449293213753
468949891879
72714466167
875481507159
133376431073
810800998865
698653489397
503884391441
909619816461
176702675273
912568199861
626293164597
136673623221
323899966929
398446374085
946985328933
912879029433
941739205385
232239454499
161807842117
356301344251
787603717945
696332761853
582604676201
372436354405
77331160721
607988420727
901145039445
701410977465
697872237111
651999070037
875442555869
818436812145
542583035617
939987574469
409235189959
463681888055
216416457429
817895190699
115937992577
610596770937
961058612545
277132399833
983819324799
269866911251
373422356679
319763235101
939629845833
340027689039
144358119083
786719839541
834419655653
711830648609
990919239949
308137609437
933274666713
13775008589
968354612145
101206070097
356332184329
846761293595
711187136761
387995302007
292944939585
175364598343
420186882279
909415765479
256287212471
497036586015
629162358707
562675793753
473263619593
973531129167
654618048657
958062255449
497727062237
15035317561
252634042069
3702816679
65870657709
234855789893
823398091873
807407859325
57372104281
355712524089
408672486117
235115272975
172415835201
457741394365
111933188413
265558955333
738826170481
903073576505
150140732537
522812902873
467780778739
255981206817
993134025581
735636590017
775133628551
58766339821
716818529497
232046330321
320605422285
147276904965
216630295217
42590209201
53464069037
564243604451
121393539439
547364408587
485378428213
772097931355
836313010617
704236428269
607021154471
18116882529
594596579443
65034902765
22201388401
154374917593
946589566363
800744201011
696412718013
293014901225
958040267505
954848301493
378965152053
890736934773
896165816559
705906142791
879445500173
743027159293
175704222725
727847498627
687413171097
781268974431
27252952135
832761957661
949456391661
519750581945
722068882141
198026983145
162661374125
650395251965
50268998917
157758062613
873938677511
233738402557
789147997601
519148812233
594061837049
873489018611
159179283357
357353546077
634929983531
136701607877
807349190631
347749831215
226945470383
691163326323
864683698107
954868286333
5909143015
668665392693
398441377875
772191168653
57026293889
996111393089
537137166717
121110753953
489779015369
269370287977
197752133845
145919553673
229964180465
368412157291
194355192553
989290133189
145630154149
295248657293
934162359773
967187940951
186555273089
359777295373
579405103317
66890885129
961830189489
331066037769
812354147273
37409247823
388878631935
465412375609
770975782589
270058765715
182220649765
977510110811
418692991869
63837200239
640351456429
560975978041
760764433937
711736719861
745694959989
604738885743
735930050641
705805567909
870450323689
178789000677
46555309849
10215960017
187573714677
558268137291
516927497267
382961583417
613350261197
189903437289
167636646181
990957909647
423326500643
277948162325
64302847011
958688911853
760290693689
296464010077
828982030197
755031577265
655244573391
932690166977
883874140717
711754706217
205453773447
364969768601
195427408493
555712863809
988854372117
532517581793
598296772569
820628610381
64152960711
808748129431
870952018033
485406408377
685740439989
903836987189
348505258167
317124681821
283259250253
987166297689
648621921729
671338365043
499741552905
918337036805
715384315877
913951324917
232649143719
813241660649
369699180987
732155120437
325476727035
391245041593
771500547321
431715137233
383179954809
115958981069
299829164961
530984833723
45013880301
330424389585
926917332225
810489169841
451889790049
495045096709
106612105965
192559554679
754754729061
835858564133
145354363357
445952045717
680625320191
532266861209
758747539801
51844135269
359609387437
904447534255
294368325091
587062674693
160346990325
422886834163
660337709865
400446856569
714449661891
927834829161
189655573193
794702825501
412670583955
201643999933
559045036777
943252098083
302464719885
449387731245
586647902113
681947649217
647530520145
500532119437
597173131125
974943999181
829940053767
822256882029
592125453977
599262985257
915460613949
813819343905
14852417845
939550905715
647122743729
366540587057
796802674153
909193050457
21730141601
536212867867
73096176611
451097224613
138854294147
328646364477
597421436577
351417049355
927739865275
976792985381
911634711693
9405490773
778414140037
649998167133
459311720601
89019751861
317632403437
531333569181
844385096119
927005284001
810944463347
124131462519
662275240103
530237831781
740272669581
709581497565
123941604193
334063213541
362594570367
592433220513
753893201437
23362903029
908698321717
274123682171
633614981059
472883279309
911255919385
562886930265
185417972105
791446254201
564734232273
945331520685
677557056581
118711471877
310794864329
17600910845
223324217375
319680124193
50016684137
28600879557
599948609329
718839421441
997205170631
586240917839
16090419753
289812657017
245954704353
20271446589
960328013133
791560548413
657535835297
944371761953
961482380193
801476645397
713186620003
143284933175
223500016269
891213573207
397267739345
57073268133
701738797721
840794819613
495267006301
181317145157
439707074749
697624053837
907115510395
290353360549
977582056235
773213608049
411195102965
613282298461
691674938227
230440210957
414582245793
68318102585
369318064165
966102846789
300243937541
683341884757
993332916529
148854708083
611594685105
737008459349
335428645749
373435806405
179246280613
149632118359
165297928501
37496002357
106354947339
659315058677
272044399361
552278746737
352011598345
700549206429
309631746641
610054853183
23687656679
684221402517
650981807019
174092563277
297421485093
148272149997
818817603357
323724063377
13601307931
739024354033
89240630753
995221880809
545916235305
153526164433
44198327469
340608805465
50083633351
129157744181
504420987169
923925972389
440206196169
977398653293
29706091245
883637320363
354191944389
743460654877
210011412077
363034509441
820417277507
992967385309
194215298673
888329489957
38421494909
888046645041
531497444869
120396547949
406548228221
625357677525
538979038973
870911040501
125835565733
772464653169
313034165651
143687627701
91857196089
765509928849
344549259089
10725489455
800813148709
660888292207
667078596397
504632823699
897821285601
247843617571
205649624879
538123508061
247656759317
70932817681
366557564139
739917342745
549017154855
837288475769
94712630453
134072049665
335058458573
357161729489
760468596145
615441766805
949766156681
577009187025
197507268105
985167302257
382720303489
380698824089
705119739337
921437336909
105737415783
892194828851
500220171027
807451113315
859646519185
745943771247
147393745373
62746027975
505976134481
844507003643
9249489933
83387369969
340419909037
469118763777
440012842801
946742462097
573802353423
84106445829
750765916129
670801772089
403674226665
354442754131
701416974177
888364470777
23604719593
833951305541
899636184025
976155138659
4588045805
648658569369
591702774611
526147503201
599014228325
530424258961
429250203345
553972817877
503186663949
951745655083
183081177937
233468522159
927302197279
658597030301
983014574081
809204874021
981334495269
608520909133
232010628081
736180177665
863944259027
10292817669
142571389473
867338999053
373033651541
815541975789
865051419163
576803299913
540801387131
94500746629
661864551641
294822909893
285262232745
239944000025
227636748097
833334478841
871807548945
236957637449
172254114421
644976920285
772698475797
612194894685
394817083041
474340480325
578400865107
153364287229
620084245137
71787200477
996635105937
584574182183
935329108265
967978341373
346905353065
273385663945
53161298711
838301920097
176794624857
878689775417
634484321599
806439390337
546502062741
354935380437
796408489973
821157320489
587658348085
728454149681
144290170627
414176441649
474393451281
488429755169
31046074767
458029423685
389800833453
82022405397
267927656573
542781953833
419582504149
435812029433
519796556737
816082103233
693226761053
177983611625
863138869975
944374760309
207600733853
73913034881
383014554373
833785396509
77720668587
994975861729
669808305225
823217191061
545240020095
952324216201
7714773309
822963330253
530297798901
1687636101
348032616701
678968282805
228799064293
849640109797
743148891373
316188772645
103215968069
305213212885
563843907651
448186642361
176615722949
322944490817
812814894645
998318326219
144280452393
307315060441
560342563683
610262953969
372801827397
439262713481
605600510389
522846884241
553317892423
116238827629
405217237877
318003200129
281613152809
700346561085
345509530651
984934521373
51099543529
644884970701
340317469219
466731652249
336747177553
970101654241
321113037221
892246342345
187610694401
719120118999
992392821159
687586039963
242847407571
646900902691
994466295097
447598143161
530820958035
170903854769
422675808089
176855591429
183041199857
965975860405
871027885565
364937466049
959880484205
952582260133
262919181625
860466767101
170584030129
947824868613
215653036541
546803833825
819032485537
860475890045
993693718701
405783070385
108218225329
966666537717
346391634737
71487396991
635936876945
465638251761
569757163313
510614591213
336264543667
400698858061
298144088889
199983910161
288939135969
500255144497
78105736021
673848090209
172917750549
792536427223
656634528413
170573232953
938511694035
894358187781
341037570373
308558378729
295227687953
234249122529
16772902039
263249930727
328693338721
970861154543
425043198399
201322907019
544643472621
779145585181
825347537535
973913838853
439995855687
18312520669
936523065397
360688016631
501304348597
152699791299
939679334813
210516135337
151131980601
986589223623
524207138413
966414675813
564661957017
41745958103
187886099845
738408691601
469442518185
463228572989
160401948635
586475996369
393122012449
585010799737
503350796213
489980904673
384574698945
771077779125
884767443029
27341884673
84439571795
74362788281
368179333905
334684742065
889190018129
367208070681
847497734949
495759736137
420794839425
217645226453
207189456801
53396284225
255032164519
497192950305
460213519073
74957462221
561238833917
666389119417
977360224511
517610978795
711098665701
535416471993
844513998337
810104380821
463074348919
481069790641
624689751515
807686706433
894494109893
346465594185
21577257575
184584604277
519945208107
340748142521
481503369125
294593154541
395337732223
148957887753
227475836325
257108588673
630199571903
11388986143
890712952965
771576327031
485604258293
186221456121
177635163989
634866463853
975515685725
710052239457
486857307761
27721361797
634853041897
465261689657
125910524633
560913012565
767888124809
427369433775
205439784059
631989214325
747592656029
376684881809
286886261561
956311191781
798319842289
359647805709
210137220701
61503838849
453970649113
41842884577
5705433141
638514264585
508422948605
232273205925
251876558283
306567470345
425146120325
332960998761
576193539529
698039825869
179304248829
786612261561
605599233105
286602417193
383623220641
531493143493
858786171823
598658498173
136879791955
355550913509
481332498743
95117471807
253782112777
286293586525
790685831039
627546477405
631640232797
39362978693
632634687537
573857914869
68541631575
294445117037
327265121813
500229285481
12301294089
790121259309
76650533909
418275220933
129339511823
926977443629
821548419451
292622649317
885275078001
765591866693
296995718541
582781022325
599288020633
191867079973
230052423581
94112959253
541161114251
197146075459
439763032301
156058243661
713325444757
128635046213
102572320981
516852554117
365572311527
272244107969
947230080485
772323760047
712830889851
354664585855
991281041573
887572335359
347030284565
825341026561
385144386585
662557280965
377906355201
449694993457
862090665117
520066408777
625804432569
574846561313
666464138833
439549556205
36351050545
165763881207
174036137337
389044248289
369873049095
755024882543
295381556479
444873155889
48861770501
712384960425
593173324221
756494774993
417250110041
38469443585
145014050161
909062033811
514205622249
803916794361
538997755321
19907646061
460637197681
68664912429
654372768537
175460525575
210418007703
987151305909
239775092637
70641828485
321336372549
582407825527
465903106541
212982062675
117547456981
815323141791
872068096487
33755053521
686390213357
406365750901
532012054499
483635383925
421682747553
473368013529
68827823105
830204359993
497724658769
422333995505
772394706229
756693616683
607042138553
791545179159
33329286969
63546718737
671209462825
500619867827
335146800285
538109515733
128816908257
537024252371
850277626193
