0
0
447291561753
0
488602638329
336058852796
469666663226
25330641602
236813761182
-95845269782
-75377829790
-69941042266
-126213359470
428087909226
191841671728
20297449466
12818583206
7144693766
3772805186
23806503986
18626762366
536213034730
220682901722
497663589950
13908769766
10259904506
25157335586
389404394178
13692094526
92062656941
17713017026
584428025387
32470769606
182733206855
24587215886
31727250206
585023425787
568058483723
9726117746
80924700125
730651417289
32581289186
544828937117
856013963843
429950399273
64275320273
282524588806
113681882912
223449498066
265255457744
91264681344
92734575502
392743171212
336115610100
144283289986
320976248729
154461628960
246647998374
348631368206
293472486798
677161637687
435693036131
109478118641
338645317782
275184996299
844110917513
338025136606
206109928672
7163521571
347057763251
932253992729
369271013936
829572232079
913404608399
91762202666
299250858930
136155108466
851784636335
95167084026
63074439046
344586252376
885243161813
275572066696
346988236906
697782338207
332270001983
2243074166
758668975445
48643082771
271313045996
492145925057
391130293193
308788402541
191498493077
-371758242170
178659675785
447719131877
596197106627
-40620417908
467535049523
51816566903
583779038951
406207815989
-223014639176
-248308689824
-81719382146
-331675805414
-59529066854
-60915381350
784028070815
-139091037968
842011138769
772696608869
472387562783
-511795604462
-37159273346
193873148339
-187208735084
-241367833988
-491244317246
-144143762342
-196384301006
-316615107530
-195540031352
530400400757
-30832150490
826509889355
550041667619
870045566603
-28835197466
553152634709
-99653794454
329497420787
-96708391892
890619627425
-322205235068
434369262575
96951886559
690463874957
700661099141
212145986615
-408979342310
219050646587
-121205105408
787039804505
-138088435520
-26074946282
-272557847180
505312212569
-300814319876
-10181325068
-27574724018
-183817731434
-126957691676
-407030353292
-95800685972
695277687191
612905034185
951355429895
518123244509
504754520861
653564927501
931439286515
192360825966
366223584386
162307894331
362515349969
47932472336
628968049921
169354142883
905674326539
488310588939
218064266591
295845035955
614186137379
65581659849
526019305281
472696535175
306946467789
959821031249
33903945869
477218704260
92865519408
832907466653
330347817648
162428000169
445747364219
84719886762
840851100323
386337426384
522954032049
308755335423
602404155797
845816739659
55455310779
660441802121
494823242189
752330938187
249373396625
531109848327
364349183201
93187963697
460214601605
405572397801
207730523598
314028547368
245968152327
296090716077
605725956468
509344065611
35444473899
327289477637
128234546298
973439823065
359806519116
704267240897
782672542571
487033179600
188604389748
555312945827
923118565925
340781250701
91099100627
456089577291
428152692330
107582760701
391441886069
422363934015
166777468469
544372119576
79730922323
159734874071
754622237393
712250567927
858622809929
400048413918
597707619222
346110170553
875646299699
948192861437
123773479005
203021230275
951482207946
45875224300
620508134793
417769206552
300482200956
113231325488
167895337599
200983867398
209514798372
352727744938
462759856251
981541356104
138211323273
699261997806
718914565730
955280962480
819430028036
479347719825
230109054918
415768389432
292155378786
185211911008
379027488039
40539280840
282010098736
619067835258
894430340218
90767699082
543482961207
338370380496
79827924540
864230092624
197841580449
775791549650
548898744000
7765459026
9826274649
41582658087
195891747192
29453315898
907340938612
11614890118
596350650258
949782059108
243461069424
385465795064
617416766004
80530040708
614463224086
652891953578
293148282906
109676786409
513718226782
446924308491
745125276454
679403742676
442733286578
492249745092
382750878489
398922905358
510155752533
814432921954
845555284172
575376823677
950838317562
810099579416
98467554924
11499625790
171299853072
410983088778
549782810553
161162732374
153028343578
618405145600
658337690158
234516021666
515254569780
162738061156
586257397992
36176422449
396784559862
420169361319
849473933476
203772241192
366894963465
709089549004
148931294560
172517439514
152727454212
234329439916
510811960320
967626577588
84221525271
517501333590
667731943918
358208325369
822491327920
186077407918
225197906812
632387977998
367593497518
829148908180
406699598568
956535586258
430829563294
506944089591
246230486602
188984366517
541942686867
354581858968
888856157872
258387091551
845906306386
85556854017
836687199730
874357759246
328488921088
709305497422
685719352468
172691591464
793521399826
874916040640
454986926644
251837743221
325283370159
546321648627
478108334680
393154731531
516236665036
223727100039
769346123704
847779186214
149200098678
486872655958
605397534336
926973541534
618129620244
895963547740
377995758822
365903726026
545602664422
333684866559
479480743518
243538083141
47041084839
733874854528
258358450086
128678807244
423769275231
322504511577
745274343598
63315210478
673517769274
801204983860
474943298985
504388361512
281318621488
802800215722
96912240174
285246494326
501182063310
24013593556
848245913440
264940258743
21066458469
770476618648
523083324556
986478774964
253372289268
752379743158
320803208556
135764705685
159497023584
629525740929
54608608132
329394511228
448871928111
337549554903
564491157546
115202043246
222544826248
449140396894
374190899316
571627974147
577775705490
21012994401
829564882552
168517812105
242748215184
807458531596
586515807654
473347517944
135432030550
579273972348
291096281058
79138159078
608772771867
20758403601
546879838956
401840733150
645896571420
354994222006
131162340498
702090072272
381715966887
83171338221
166948896300
536613274726
207778967132
572464803994
440723428601
544788523396
911529879820
534597610124
734809998058
313791167984
247745521020
230691583636
291943249721
390996178121
881493189216
714539765402
100110368681
115884610121
90668504321
84341181394
483591544841
204020644404
822906398016
404881850321
347472192761
295567487524
480167061642
159004467084
163420396652
185880275046
232297306662
417825813380
168510340636
615698468228
85861641042
342087193210
225715691880
500903230566
384747625872
497939017916
200126991394
117956988072
313509917440
27127809370
345382202028
524489797068
319885987742
213667355628
618759949116
486774583316
661139012610
920166449652
656688375288
81217736978
142413140428
624482295356
358012163968
656939415718
367950613868
362517842080
198588423060
834308902072
612111848304
560639837362
554076803144
430623990476
617948366356
178465297304
924630205172
513336724156
187756831602
398672269044
141873231558
329866061182
975488123254
143180017358
286060537820
497659036822
656579693448
165669113194
217929540682
476689635850
319323738686
967242132030
829602031296
550677093736
592649681050
147687740586
217708830416
597279498464
353264404822
642608102184
893413807752
146082492678
138444289594
263691116052
308223624988
503123849238
579970419880
862930741596
466905249118
563119073098
499814930036
243223975808
610249298822
951451596878
417373252824
266765501592
364038308804
629459773690
958389349040
85257080664
147995179140
928232097182
487740133652
451858713164
440922908504
614014596168
126863434592
65797664880
467873432466
22545117904
382525032000
249988358894
456206889300
454428195856
162995704560
437519763168
202023894150
599558451240
977104241882
62156914284
360501181104
413742451646
652017296902
837263150982
651360686436
347289261864
371534030406
56959665838
291356459220
37381263426
650750753282
671794324428
215434267586
684533229558
250542342838
198287174544
373155060262
280743982960
241407586006
271046944542
25984715686
94099206056
131088060352
957841343340
503602545510
76567471446
476334640474
362239853734
18307490918
659858362526
105413907738
647871697830
97491346880
640597715398
851626878566
38978981012
443498652094
407959580590
299208178532
329574728518
302906778408
39591106992
769601385390
143676595962
815398719926
205669826532
293000945982
448546284192
3317484312
269391453268
552446759804
38522923004
502685743652
891285552888
188830172044
281220615886
53327047896
459321554424
359537664444
283205554738
899238610156
885790550278
594546444582
440152592664
420279635608
342409022012
158077375478
196769927452
247118801774
686261625724
88477129868
853567815118
366398718810
425780699992
620764833646
387864600266
554627716646
524962673544
417034864080
357009886608
262762610352
887921794264
333851165726
150158658712
12766655104
484629391258
52698168566
768260265986
483777917142
432987389604
882382951198
192334173758
288196788712
290456088904
2271367890
412309113958
214733657652
83754964776
644118043830
538536368854
25798230650
406344668454
179752825208
186320455526
290720260870
300219905854
319818234310
752184767870
627058128202
579357719326
46843642278
390699691300
569056007322
153294247690
420821103990
92907008672
353179824952
194366129362
969775911112
84290366320
293901550196
110966287422
464749740330
392855437632
338843995840
577277753350
377084829960
703085449898
5873970006
146891289030
278318863628
291079283074
68142313376
588980364080
272368861546
115268448234
890975680574
372521437040
207883109008
7975092538
864759087886
929908994624
622376306872
900977282786
7261914082
606577660632
407714042416
640674575286
182975771660
501646525570
369619860782
358652489010
394849080106
9669838864
268929263764
209176139168
205155514390
99448086670
288748389876
870988418134
109989840902
816695002500
475746686728
609715242358
717873632806
134531158708
67069373456
864653472242
369765466556
777657069180
172924525512
413900849260
47039098270
112146605736
460407602084
676070072048
509945324616
981238197608
152643209896
122972594122
158986532352
573172382592
185121422372
387843676412
518125062440
540672502402
130782059026
656305690598
18255421570
459482017992
551497620644
441615988444
200684782596
6455145796
280827892364
33148652998
693998519018
659052969804
142719730428
684298818128
200115854698
116884735934
535329945014
359388415750
240499107012
52965364134
656899529502
43453002922
292567405410
553913111028
7029533612
181151086014
211662832984
154718935972
1978372758
832676841460
79461937916
139140755020
966129182272
523327623810
572860129564
197905455534
397294145116
98325290484
506039357136
183959299920
632428928584
779004166828
433395822296
172410064576
175613753132
301045551776
2705358332
23146239372
15897262212
443168516734
616444187122
664758927614
799112986896
397999716594
572996310400
373115275944
91920312680
335438470946
293378538300
662214703658
972464128164
269723538712
473752039066
72665670862
423017879698
313428071382
208187108652
448762935522
240349858318
829945780326
589871041770
402216371362
307559915358
187224201074
257929566238
314087654320
187978026630
25794200072
229568187686
244226197670
332555288802
387181087702
543345773844
693234300160
865735534406
550731431496
446429291196
687381334820
428949311666
488802164652
368443753562
71052319018
21515508250
43351211186
704106733248
40723913170
698913631960
138575316868
143135311528
74351535670
399054876660
403518632180
156084094890
56993704216
85778949076
624550385774
852256586934
781473181600
503565541894
764913445720
282332651682
456843572286
354712248164
11672660048
173342009186
623495094778
352820785432
152471264396
722236754552
237551961142
16901607204
86086828642
846223542364
347575759900
240720087946
149332664666
107529793496
919374332322
391762314490
212064371706
28985631076
399093735246
253765734010
522168532818
399277708404
757077960584
92380438838
481963157200
616583806868
488415675224
156710752644
446960258900
792962370194
281009466812
881918640914
207103425560
428923175950
135045657880
185769065472
343488959256
614620391560
606421140036
593772829056
642708174620
872162146706
448060535476
421452487866
695398424488
406101193626
691547438978
159443998312
446921679994
165171846808
136801268868
518370600614
270631235426
954162730532
479818960352
298801011588
113832855420
266311565472
129495218904
599709654650
467229882222
928273944890
425334329474
136644838150
96169137148
509171142018
66052143878
291653730452
983730128982
378192797848
327301999424
108967677332
88843795500
150838469928
135635048818
219767294186
344376860662
577278441132
366761438790
622209863628
414808513746
218752815736
169000041420
295148889168
626892730118
878217111504
844560594158
451792615232
504700411880
420558371266
450107549332
432015443822
630719790314
908634416976
191264920324
842804983170
376784485876
654224052382
617969204574
321545962328
101271568402
120723778004
483284777448
431426014648
26472775848
117055993652
96329553362
357757167108
771859168874
635844154134
489862410272
382441336584
267686441690
277104928398
357875983132
313901265398
151914848758
136329708638
178763559878
588009234768
951396796308
302776253414
30769140536
206065301182
387565688066
522795790002
676192319264
435563023378
329641844250
191800702502
85061062794
581845313612
171698271844
58712822156
64620869536
447351117188
76296457718
756585751828
995339878830
156949412998
7249534006
114319085932
813096099612
396715720454
421376144064
248635568072
328122015226
14510448580
441651857908
228797184064
113004868626
839606622630
993253471674
256913158194
980443091156
11154521972
643911449074
625866800522
383848694798
827720877184
649987315262
642216066444
797797773216
357806517150
716444832490
498907493444
185235009008
300944918002
77239027522
109669064
312246461906
890754485546
173207778454
581524119418
445769871650
558327253308
346320786336
287702961236
546715472398
206559405356
602260058936
262452997634
97373736158
188974400630
97079365462
960923128122
32480816676
347351542968
672201298298
567747845958
368471176730
663984745016
123274918496
576433844836
48019363598
53308918982
960868327552
327009065468
181457836786
745552902526
642668319660
352680477904
219325945418
169484927730
217645486716
417750838396
57106851186
270528608904
804607989506
102360843440
254231362424
307869717302
384221856922
15542121580
198168188258
526750536502
346623181830
159219093598
644422934274
614288678334
315988172654
20734875680
700104298890
255635813268
126574486132
262300420848
842298825178
618396112438
163056720142
644859346086
371668540896
66772118652
699264355608
310630174206
450062155720
816584404986
575567927298
726254134520
201286591846
371778142036
162842329174
276351418560
223034449446
404061919996
212591664580
772560616170
69566709898
198192852878
927604381562
533353138998
326323296100
105978576760
493494213456
413987989820
647344302842
797014623252
165311466554
241994450292
33412761286
290470596004
140792743112
820510118546
443401490652
62141968674
584132188762
431348295282
41283050712
397014217842
655392594000
628498885006
424709823418
352188432822
625218821798
367516650438
535176503418
227677552286
661892133900
78550518382
647767842748
208147217296
189834333764
43115301960
585503626070
632446810916
854646888160
96115332952
191584051172
982376056716
198899300524
633447874664
267980880586
265078443124
374307095112
330148051802
348731921442
886989188200
479440076068
486813505832
259507716090
789527869016
651961249602
491225449904
405881791168
852589375850
588583146192
596223342024
398975772106
684667476508
178049876976
5126200
120047157570
751717468464
600470884386
441514401024
677932585704
621629375620
454706059784
622597084894
694337286178
948995534968
143810025670
302863739862
660491809748
627781585610
48893183596
632156573960
2611819980
426004229142
330033060558
837986518506
300229534802
736729014382
491706668038
671690701532
340513918664
45692421114
569268531960
175621318734
188323276710
390500922302
404841816852
278207442944
156417880180
445236677208
288246131372
375607003092
844089309256
783193919498
800455102674
420085342678
303950435422
304130325680
265325543876
604088718380
291061400742
880256689082
357883706606
597363738878
641015199072
267321280998
528628181362
921095070220
528489837504
230802756376
302180772336
361442754534
220437898802
218243883254
334252046996
28906917530
576982007090
406964093472
508162540170
263999370082
227306901158
288489246628
233965668600
461934047052
32512795036
98519580970
385011046378
183700006106
648582176636
581936788618
433767224576
162579456996
289818578668
333456283222
284976593388
56943885516
819285574900
439888275928
906887773354
25773566612
491498957874
849496630954
927426030616
895322860336
103681797108
595358854348
178582219810
73870849654
529626153044
149700190718
280785282860
485205358196
204740026432
526103333640
756593722820
188972407882
414382088906
827797597982
60150286536
381620324408
593517661934
89325998976
527467893128
807581169522
298444019262
422030912528
669593916736
121796874978
619225632188
498168379928
57643340064
369320675612
682507337676
666614445112
985508656572
372505495056
480551531780
121682015384
169061866240
294048017174
254422223194
613627719832
385638991344
116993353748
73647320504
60474919640
714475997466
175697717080
265691873890
193672157324
166935319856
477554865606
853876691058
946892189454
521409221490
305270177536
209050275062
466677783666
378549334488
456431073450
463246248878
540346611078
519836951838
682575801986
193142233072
330564127900
209972982680
118574616308
175724619178
615766034070
209094180812
704720499632
198033433038
198933001842
367611537342
89128758464
567996823042
30860402284
489369584802
576737255706
23969514426
880235765228
138524421000
626060067264
146179140956
398366382226
716737766446
180337830798
460212312780
21104312736
458480607400
75385345618
528904329088
247253312264
304198724724
602487026996
55044192968
296169557656
122971597748
194124657836
722494815418
393874493012
769691059050
245226687548
296573825264
236925895754
159259672736
438901865668
787271081906
227658621180
502219440620
770832903654
574522316304
512246948556
478273584278
25384735440
891809645612
211174833660
285295867958
448173506348
431043463930
775791857052
391749246632
707551198166
420662914130
262661506398
456457840538
120715681674
833595498288
110991819758
655900864898
830174946346
959989525684
578213136870
557208274590
445793780628
107257851280
144489554286
664818710054
395512101954
277600819220
139267294518
292813869278
156924038172
341140637910
407132178844
958421233008
40552626228
282539897474
123499135428
564309623740
386206411494
521115538576
424354927906
690590919938
686326277232
497637412224
266893429044
489949385028
35336518952
83452415786
290044858946
29758817300
595463397212
141219191184
174302793480
924793610508
484977408950
343984162296
330040035176
680634193400
327022082612
265134770470
372157760530
393216125020
283984811744
592233572940
440670429518
981537109808
771890056468
599956755402
993880190920
327763511608
273554596742
966180993720
80360072824
816635220060
269998076992
502356284526
593964562166
327043938558
125969648372
568045655564
241235033752
68147127850
299040359724
941168020824
243597616058
246571792448
650005885376
14363842626
341884929288
338431497004
328085393584
61948672118
405866659964
668045031672
357578816162
565164371696
29755824392
565700318944
123996866594
360419478436
495304455680
13348784782
705752743096
644764986536
38238956414
35744342266
523266232890
97028011536
23906926264
582184390138
446603300042
346623869612
469522431436
508364060296
282803936584
200858791442
688173716614
805386157600
136893002096
460297727444
897327564824
221309301430
679030973558
590417828460
399375709088
179123504678
909233237750
391288432692
25136680480
299094651484
66110526316
527725123596
173979583100
428365210618
366167560042
414037510124
353110341654
487967306924
303015051902
103006670738
798965523544
133196861628
760790450108
865736530780
210846802678
21320525894
114739543876
101711577232
191442368080
236236404946
547372991990
535681385772
798385633876
186021958138
652882189700
236542984948
111592941226
367223716482
475377347794
51953300660
42714325054
263343755990
6659417050
312359945936
228474651486
111516597424
509105489292
347936845450
681871513218
540222122536
407769752758
448485987174
448890862974
941288582078
333310134644
383762034266
461068043284
711428089400
418027333506
59267429684
906780164962
817007863936
461795028858
684568835482
538842431844
579704936028
795031838992
11269104982
31789427512
107656764840
193357449856
300294186310
557531150482
156513359210
201161415522
187842517092
308900402476
251987817540
133991494188
257433265422
773160433318
359752940210
340077560536
219843637988
664962187910
477145635316
82509391574
809152451320
325102005632
402722808442
138322213092
529884071294
206381054410
683786681892
860485639800
439548512394
250403846852
284654023630
543337774996
90864441972
679933343542
185715207366
482725383310
149144349980
323758557022
884539104534
582358398984
405547529116
36800775418
57081403252
401038657294
141745304106
572190917678
533426870674
262599606018
455430713954
300325173374
360409084238
520618272190
233885958680
375417175260
373917122718
359208904648
282077579938
21549691914
516369154994
274791229750
175442645336
261695860470
652910048006
57835640246
289154181256
285323766430
327260055184
156501575596
578013610800
851289107780
776198377644
522224243160
141953518822
689016649018
646329002804
614353363328
541226486346
521914765478
261310702550
100830528490
418170392162
164625012818
522352858394
170086736980
829186543338
511432255798
577205536240
218553755568
524300657018
971518569238
168429182360
902964052542
103914542978
128176655524
57323504010
559391982440
223248846670
383596966586
97107564524
15018719478
581519850906
552831917724
893600129690
755172893496
181326470424
685492474180
232943133960
540269579494
221953065382
309577502338
570410937862
401406319300
175857136920
598043955276
231445838754
247173602344
293754755054
751727432204
159580179148
95893629294
671600864612
31007587632
678894792722
48549434566
304556773752
587188004188
376875273100
490870740760
578579551232
188000943232
455902112682
445305455408
513199167756
851296082398
562824885544
671131735718
304095557424
67201427600
208515868448
30997958684
234444562066
392707974280
894892426768
487927993730
924383104420
404221485420
445050489622
41536842270
561219727030
55326183588
966929270594
397287267296
991956192726
71291667154
765846051784
964603733678
532060901324
578665239396
422848685326
51140342336
535469548916
468852359960
86562490900
224268956832
554691484582
821128866800
441524029972
254851054006
361686295412
366571091512
924840440086
150696700672
348127361064
178897912182
120712930546
46043553956
97638532228
565531124572
9315631134
527840201656
434874553596
197084243826
588112857664
416214429688
487269098574
593216413418
162333370494
451351558798
325430809052
809951543268
273551607620
132790382466
29604379330
156513532084
637371330036
731866709262
663674177062
342504673916
468957590606
389570392554
910996819730
106455209686
419983385514
532215279890
889979306574
146809292
300675217538
284140938258
553142123012
388861250014
135435240114
117954236944
196514760330
282977898896
309251688040
459998542274
284655199476
825130304784
793541263488
428842705456
42168655470
450362028672
953226138972
651296164408
115126077360
271743667708
533271436330
263096872404
724736656918
425765670852
92864637366
649973559622
658482110744
246566810578
744660151422
453401100116
454621658266
968830352186
469760919982
563586077076
957306290502
222497100944
696041085718
38403995260
339671769156
397002525548
329333717914
221404903128
415138649106
150837094364
393757570072
371194266872
580493821982
530086966984
395721187682
239103597334
313561005590
571445513392
414905194252
661421691012
581364416562
62062320496
174413390994
401360486096
867434352076
416785351990
217164039316
484781899246
124962047742
582260733940
805926192308
392884332478
415833308926
7785316184
325000375484
364894110660
18877176498
165246127264
532816093412
740442500280
162130474804
708084258256
449207242694
681839187464
503017930810
107212946564
520285385702
342041178146
156322228276
472523509924
420362334650
917409482794
149746159876
672996374290
465810938286
19022986282
250249408882
416188892220
518668578986
667400315088
600981472198
922540808894
653005699910
19569772972
375610442002
229403120006
222948973718
817173262020
169890849408
345052287742
313507201394
448802826878
114552237448
678382349316
109142923002
449273122634
600761825594
581551734874
88992424706
787211299466
521715972262
660582446
54497406278
859110643680
558795549088
860089082948
311190631844
244965563320
497948977470
302133315378
936217038418
145624394586
404773774366
589710788564
15240873064
343285375784
334243105830
128992685830
370914266506
624612030032
250979751024
413456334334
353961815770
568419658
485145575756
239296269500
202395984212
468705174612
738835349018
426057876138
320259627992
535104336674
395657911738
529687479052
142631167322
383237944382
567812497466
171639748736
247641723082
784761215800
287330871174
833151115484
549381315430
745058701022
843140761208
365369464468
523998720720
140149085508
117084023782
197565137258
542006647188
610330492924
445748947796
400223408654
436200597292
341103043498
100944012520
657874799238
751691562740
416407726244
377919326176
113198224414
314352126546
140435767178
685803342868
640771036462
680746301866
538249563760
252464450466
448176257476
575811624260
490226086782
210541386438
446665888204
386359786880
978971446758
560775344226
595854745170
323540687574
133368807128
490356551972
176234132496
316216339610
419964127618
484491954412
511785087964
979920991180
80232145372
772431087550
547266385780
451797429706
677279880586
171319930106
389562099872
433373125490
489084242178
353214698042
146765008868
497462751144
73889218134
550418036496
783281600410
518395572510
511153704088
190658984382
42330068058
970680618704
230088777366
561898947830
471569786642
198909245784
844577532516
917008940446
112771717110
345888360020
102395478274
281082371704
86912571938
686656239012
531547815952
59454747996
534398335324
521980526162
512592544032
725193992584
98425354836
103602087188
986924504026
148437422966
7078964070
368702335498
127100361980
457325817302
575957899692
227495215844
594307923452
503778765930
373791946394
413023031674
447079107086
376754911250
335699828106
233873703006
274139900196
980490917108
5504085018
612666888378
168898937466
382985528388
622763756262
168306614748
641050275954
401591407052
459776388688
701199313916
379305206906
511390301096
819901334032
227002760826
464971893916
502870057680
281558469084
817791013900
472636536524
706591690004
674986815398
305320497166
410518159530
789307670362
503089460138
343634562032
65331348342
584143303648
140640726214
58967521110
341333450468
515741897810
715528168410
355642861480
279032660994
518416682008
9156792102
542006229044
121099411002
941467929398
682167947260
307938195458
172352978670
614426234734
128722839718
604786282222
41912371242
661515730244
353489697266
229611514220
540229115972
885259482936
200240401448
574271458228
720352611318
278209656070
43708857826
571425585912
682267211542
192421854670
358385879102
665659115914
136736504558
134925257794
231032475564
858876495790
34357085972
942827979908
387731911970
140257631640
656699379800
333562889432
370545627398
528747167648
462015119098
646750463938
151589451776
754168548504
641001385958
306389998176
60930231324
484366411288
649382884046
153140806094
418508093124
951167630288
217327043650
641350148906
650191939734
26090634114
222041101478
134442851610
795224139174
918526418048
264744657834
696332026926
476977128726
519683576452
597470345088
427273874714
11808153102
739840690384
390888831350
385370068582
97431509846
797153119238
219769357532
91345690614
603681201414
396368652356
514296867828
401177153280
27457193360
78986572170
214674956258
179830544574
219036869702
30646502082
428258778538
544020319042
536771520242
15317216866
541047460936
632368801622
985085197622
715662678900
599354867768
44415209940
522573368692
316755380634
870328818546
38602632924
294072510338
379342613444
20618640522
585743480292
31787532420
505763556554
130661697176
825574687588
903352638402
337476369012
456300548456
165257131776
844375268594
248602554536
109573613274
635222416758
258841141884
704419594684
118515467056
438002139946
394351991380
506437091762
105620930120
251387267990
13940383676
614950324618
1613160516
244988260126
609908194776
414144116334
563962744652
958242882062
408694795110
516025263994
473324594620
138338032078
488130201638
759454312574
936602635156
258018290116
901662788098
305343193972
334525710924
645639506928
636137449128
971214675168
611058854062
254846678518
75184513274
844051447044
986599686102
207214023074
288028969904
571011371548
578294982928
666018344350
197439827120
328811506034
449703821298
62121469748
173859909032
342843131958
364885857276
856323785602
780912223038
373862787940
307634883596
613345041430
534741087980
78812563324
618482085188
637893356574
232283789288
15947080912
602246422854
255445985436
962253287412
802715875280
609274845050
515497735200
448639822544
31868690696
394241080818
99399941930
504557874708
506753962634
486937247121
628498862019
127994478580
281058421651
147867251688
489414368039
70570871618
475780388046
664062773892
14294781879
85162854530
130699525186
210315085777
706805460591
943595837331
464342387017
76643986678
4492217859
250300000512
506414886108
622204361372
539417417596
197327718654
94515314166
46083081290
570025092160
538218346561
548938214737
343509048167
486434131226
809671429039
243485923209
32599896077
80053898657
22574692530
535312550825
902274182905
275122740674
165304229887
938032057875
11130000050
276309852406
383868432547
711465925279
578669661205
345658417709
918822629667
7081253881
255286420012
122853995912
159730458011
67715888536
657433912613
224607903902
665229252164
439849966355
536148916379
223951759874
578262657174
708658055259
986045635975
429942481925
515820337131
472807965241
370409642049
176775416930
130044976675
325841160918
161958529304
28345183510
49424326246
691613984465
498217690059
215659031993
75063463642
351304226122
745372204823
666675901871
359919383454
614167733255
8734999391
584029021462
801769423303
476396243263
160748720766
893235039773
932791033585
413229366274
403034373688
663061363300
666620943561
211574130697
806344952421
254210787595
324084782929
618313588313
168197399826
431776090995
783992908123
998853919931
519839702966
555229442369
271901857568
665608220046
599415392584
534132446023
917024993309
467696886200
990802027895
240065517843
788529466803
903244446887
39197891003
138471461786
588139894476
716943769923
69557860689
411384047168
7764735409
340312473009
410919794318
53472062973
94344056448
550509023161
322533959345
882645073057
510197602397
230772567243
478392584082
534675160706
406433315391
131902455904
307050268896
502741442446
221917988500
413457022116
688312488897
511887320619
548411542810
65001212982
878844955731
716388191371
210448535868
614586487940
10637556159
106989616300
569019554876
354100747734
665811115736
194210002848
588300355601
98190140957
577570495005
309903188632
70044718388
886056485245
731023089703
218744562352
7628501888
97282948934
455227301493
926749616453
258177167758
431931534418
280077166007
93820654346
620950534786
696101580287
32041319799
65524919977
264449021127
552759012832
132015252152
41415104856
720471094183
427471955930
332979650296
327447232259
496736813415
343303945898
21785806576
687712943697
317217750202
36279436662
518744066240
541297125802
900843268361
602053724336
919408185479
418457885038
482878326117
926734627823
174730079673
60950864784
387089523582
362112935723
344527510076
100948139212
631159843465
119344932148
433296781688
90361110886
294353125394
567601057571
137078015454
102703717071
499249907045
618766826936
327057159494
214157171267
665595721269
833670224153
143672639071
990983889939
952069409491
226205032061
29977290196
339828839881
344117592004
677433255972
304764438859
159112487388
627514726194
383351824433
19479848617
216827145891
217644798934
32669843017
648655769310
680735985136
495371848843
289334143895
661314968541
140012781248
352670098823
128896160782
185012981944
764104994597
442505494886
421790188828
533049244058
912609342911
53213259295
368666964001
19373067320
65598863885
630944007193
432038828410
252987164786
583020733050
161340901068
593017644420
40268572262
718442632923
721746126975
545493971566
152198902724
45014268062
149627122149
18829342075
445553639691
656421680467
348914947387
720389156339
926427860529
242837415151
166394402909
57244201523
244302303923
504883633441
318448879982
693163808807
521958071526
109168509676
316513526295
354569657865
17212568519
142340235536
152335067969
466297903611
268198177111
360322294059
330083232655
33088525415
758135522889
720929746261
607259973309
259505770953
513465339390
265017159748
14238774690
146569407054
108139587804
166851410452
590598715126
558898154964
582188516830
418104461951
424829360611
818532707095
34830967770
71801158979
795364282083
458502616424
439123517421
513481846158
151844440147
409844103270
491796767480
471495506186
959684632773
412343831821
266167819034
51910247727
97862061378
290794036457
596979268740
150712605822
619731097300
391439056950
204732379666
314515042295
531088377576
752768594107
822632597021
573638698788
250346769688
368072351282
619244147644
335394452898
215388237411
90248165541
155899364183
624566204760
362314240378
262982012810
895710162207
361848611964
244396767606
835617746811
22676484266
53780049652
498924252346
828242341609
273174942050
73950632366
427353445903
67534395639
430172188062
379818292278
985562002847
176868267500
588205921548
505466434730
911390267671
266952122337
457155838553
316134493552
486199806525
421583854228
408491753911
100838132257
742513373461
473207395584
383264890379
445222921568
476880875633
275768567972
250504271766
186249613980
173563964259
98623436052
608811870268
542611477204
258305782992
577629450283
157513140013
571531334740
261690113965
431386811074
612943661805
78847813563
44146974960
179241115400
410629132549
301762715891
227463077739
995672333403
603792603569
51916160432
180041005866
374699818634
133163610957
206007527494
624124648716
616016386718
908847196781
670689553462
52255924740
74187229374
344879654460
572794102492
649540900055
199119578409
236673663528
876497736273
643803252491
890650999961
652544621507
495755640672
379269920863
512281666568
189321248392
283327700233
222594765988
962741314051
185003352996
147387820827
599905552189
485196567557
750229520185
504063255759
167848006570
392750694685
621558127087
429727193108
630474939922
875541461679
309185832006
468949891879
72714466167
875481507159
91784819626
557960708098
480785377660
503884391441
625963777784
121600169326
627992734684
430989960860
94053812444
222895326722
398446374085
651677195636
628206634886
648067027918
232239454499
111350154180
356301344251
541997287878
479188347856
582604676201
256296083988
53216756194
607988420727
901145039445
482682968198
697872237111
448679713900
602444384512
563215362578
542583035617
939987574469
409235189959
463681888055
216416457429
817895190699
79784399290
420188344550
661361853978
277132399833
983819324799
269866911251
373422356679
220048597024
939629845833
340027689039
144358119083
786719839541
834419655653
711830648609
681910716792
212048316800
933274666713
9480011032
666382662578
69646492610
245213852622
846761293595
711187136761
387995302007
201593342618
175364598343
420186882279
909415765479
256287212471
497036586015
629162358707
562675793753
473263619593
973531129167
654618048657
659299883542
497727062237
10347304134
173853031212
3702816679
65870657709
161618764996
566629512426
555625688208
39481749654
244787427782
281232308180
235115272975
172415835201
457741394365
77028456816
182747428036
738826170481
903073576505
150140732537
359779075926
467780778739
176156413130
683434841704
735636590017
775133628551
40441205544
493285815510
159685409794
320605422285
147276904965
216630295217
29309453874
53464069037
564243604451
121393539439
547364408587
334018201116
772097931355
575517031430
484627327912
607021154471
18116882529
594596579443
44754974248
15278701074
106235119446
946589566363
800744201011
479243370416
201641487358
659284752338
954848301493
378965152053
890736934773
896165816559
705906142791
879445500173
511321522896
120913075108
727847498627
687413171097
781268974431
27252952135
573073341984
949456391661
357671711878
722068882141
136274686078
111937520008
650395251965
34593682980
108563261516
873938677511
160849824720
789147997601
519148812233
408809679142
873489018611
109541287520
357353546077
634929983531
94073070340
807349190631
347749831215
226945470383
691163326323
864683698107
954868286333
5909143015
668665392693
398441377875
531391001656
39243777082
685483744282
537137166717
121110753953
337046505262
269370287977
136085546028
100416483726
229964180465
368412157291
194355192553
680789632132
145630154149
295248657293
642852952576
967187940951
128380324282
247584637176
579405103317
46032185422
661892821682
227826723662
559029521326
37409247823
388878631935
320278380102
770975782589
270058765715
125397413748
977510110811
288128010512
63837200239
440664302472
386041343814
523527590050
711736719861
745694959989
604738885743
506437582914
485707145652
870450323689
178789000677
46555309849
7030819330
129081174140
558268137291
516927497267
263539116230
422083183960
130684393982
115361298804
990957909647
423326500643
191273173708
64302847011
659731122856
523201581382
204015023040
570472150460
519582472498
655244573391
641839849690
883874140717
711754706217
205453773447
364969768601
134485765096
382419483802
680489759180
366457439146
598296772569
564723668504
64152960711
808748129431
599354179986
485406408377
685740439989
621984271132
348505258167
218232852544
194928047256
679328095382
446355698522
671338365043
343902316238
631962612388
492298848340
913951324917
232649143719
559640271742
369699180987
503839830300
325476727035
269239453446
530915744294
431715137233
383179954809
79798842712
206330785034
530984833723
30977325224
227385167618
637867220858
557746120114
310972689642
495045096709
73366705448
192559554679
519391956884
835858564133
145354363357
306886576780
680625320191
532266861209
522139645974
35677627412
247469089800
904447534255
294368325091
403993141796
160346990325
422886834163
660337709865
400446856569
714449661891
638498604734
130513824046
546882603424
412670583955
138763769136
384712548990
943252098083
208144466168
449387731245
403707712266
469289101530
445604640578
344446351800
410950744508
670917209304
829940053767
822256882029
592125453977
412388896670
629983175792
560037809738
10221440028
939550905715
445324025522
252238857970
548327633406
625670094870
21730141601
536212867867
73096176611
310427278516
138854294147
226161603440
597421436577
351417049355
927739865275
672189606004
627350346296
9405490773
778414140037
447302774336
316080158774
61260366684
218582245800
531333569181
844385096119
637927745674
810944463347
124131462519
662275240103
364888608404
509425995704
488305586048
85292157546
334063213541
362594570367
592433220513
518799088800
23362903029
625329642780
274123682171
633614981059
325419550552
627089676918
387356382998
185417972105
791446254201
564734232273
945331520685
466267675204
81692994340
310794864329
12112840528
223324217375
319680124193
50016684137
19682569220
412860715122
494676510714
997205170631
586240917839
16090419753
199437833830
169256584106
13950594032
660859085336
544720216816
657535835297
649878645706
661653473546
801476645397
713186620003
143284933175
153804185912
891213573207
273384027778
39276102836
482908560694
840794819613
340823116224
124775658820
439707074749
480076962200
907115510395
199809923892
977582056235
532094602642
282968269948
422036414784
691674938227
158580144120
285299163146
47014338118
254150204148
664833089732
206616214564
470248557420
683571710322
148854708083
611594685105
507179699692
230828892092
256983865988
123350574516
149632118359
113751888924
25803829020
106354947339
453714278140
187210445434
380056264850
352011598345
700549206429
309631746641
610054853183
23687656679
470853805580
650981807019
174092563277
204673918196
148272149997
563477407520
222774277090
13601307931
508566955986
61412366506
684871618302
375677844638
153526164433
30416095112
234393666198
50083633351
88881691804
347122511562
635808689332
302932518062
672606401896
29706091245
883637320363
354191944389
743460654877
144521880040
249826118714
820417277507
992967385309
194215298673
611312645620
26440715152
611118003314
531497444869
82852594792
406548228221
430346196908
370903949776
599325980924
86595504436
772464653169
313034165651
143687627701
63212979782
765509928849
344549259089
10725489455
800813148709
660888292207
667078596397
504632823699
617844511274
247843617571
205649624879
370315208384
247656759317
70932817681
366557564139
739917342745
549017154855
576188306662
65177972956
92263515898
335058458573
245784711682
523324006578
615441766805
949766156681
397074742658
135917039438
985167302257
382720303489
261981977782
705119739337
634096112152
105737415783
892194828851
500220171027
807451113315
859646519185
745943771247
101430962176
62746027975
348192700354
844507003643
6365734136
83387369969
234263675400
469118763777
440012842801
651510064610
573802353423
57879230372
516647018922
670801772089
277792710398
354442754131
482687094890
611336717990
23604719593
573891802564
899636184025
976155138659
3157918888
648658569369
591702774611
526147503201
599014228325
530424258961
295393051778
381222055340
346273100792
951745655083
125989594050
233468522159
927302197279
658597030301
676471048954
556862320244
675314887412
418759821336
232010628081
736180177665
863944259027
10292817669
98112414026
596867848056
373033651541
815541975789
865051419163
396933059566
540801387131
65032163172
661864551641
202885684996
285262232745
165120263158
156650915610
833334478841
599942921378
163065170542
118538851644
443847357568
772698475797
421288107968
271697586314
326422336708
578400865107
153364287229
620084245137
49401629440
685844142050
584574182183
935329108265
967978341373
238726692798
188133448878
53161298711
576885717610
121663445270
604678988230
634484321599
554959227450
546502062741
354935380437
796408489973
565087505182
404403059868
501292973554
144290170627
414176441649
326458789154
336117999562
31046074767
315197734468
268245608456
82022405397
184377471376
373520960286
288740136492
435812029433
357703349850
561594948186
693226761053
177983611625
863138869975
649880709052
142862949856
50864541754
263575568676
573777630752
77720668587
994975861729
460935301358
566505023884
545240020095
952324216201
7714773309
566330327256
364929875324
1161975524
348032616701
467238823388
228799064293
849640109797
743148891373
316188772645
71029622212
210035866668
563843907651
448186642361
121540332292
222237807130
559346588828
998318326219
99288521246
211482272214
560342563683
419958625362
372801827397
302283251854
416750122332
359802460514
553317892423
79991421672
405217237877
218837412922
193795270302
481950480368
345509530651
677792278176
35165229822
443784081624
340317469219
321186252342
336747177553
667584905514
321113037221
614008063278
129106622074
719120118999
992392821159
687586039963
242847407571
646900902691
684351655110
308019353734
530820958035
117609658162
290868821782
121705399972
125962082770
965975860405
871027885565
251135655642
959880484205
655528774836
262919181625
592138659024
117389567922
652254932516
215653036541
546803833825
563625280650
860475890045
683819999624
279243930418
74471971122
665220998780
238373172850
71487396991
437626369378
320433818834
392084196466
351384696616
336264543667
275745183384
205171184582
137621363234
198836712362
500255144497
53749787244
463715316202
118995538892
792536427223
451869646816
170573232953
938511694035
894358187781
234688724676
212337873022
203164236706
161201281322
16772902039
263249930727
226193929194
970861154543
425043198399
201322907019
544643472621
779145585181
825347537535
973913838853
439995855687
12602541312
644477493660
360688016631
501304348597
152699791299
646649509216
144869209950
151131980601
986589223623
360738531816
665047677716
388577883830
41745958103
187886099845
508143282274
469442518185
318775576432
160401948635
403589413762
270531108042
402581125350
503350796213
337185437226
264649196378
530624812508
608861390572
27341884673
84439571795
51174043654
368179333905
334684742065
611904825922
367208070681
847497734949
341162192750
289574416058
149775158956
207189456801
36745752858
255032164519
342148472138
460213519073
51583273944
386222230480
666389119417
977360224511
517610978795
489349639124
535416471993
844513998337
557481324044
463074348919
331053172914
624689751515
555817579386
615554884996
238424068718
21577257575
184584604277
519945208107
340748142521
481503369125
294593154541
395337732223
102507341006
156540182708
176932231226
630199571903
11388986143
890712952965
771576327031
485604258293
128150605094
122241869932
436889754856
671310620608
488629531370
486857307761
19077321060
634853041897
465261689657
86647088086
385998013548
767888124809
427369433775
205439784059
631989214325
514463311072
376684881809
197424008134
956311191781
549371686482
359647805709
210137220701
42325040442
312404651766
41842884577
3926859164
638514264585
508422948605
159841536308
251876558283
210967811278
425146120325
229130758334
576193539529
480363079512
123390465872
541315008134
605599233105
197228678046
263994427914
365752462596
858786171823
598658498173
136879791955
355550913509
481332498743
95117471807
253782112777
197016153408
790685831039
431852439488
434669594560
27088605796
435353937650
394906166012
68541631575
202625703400
225211088716
344237953854
12301294089
790121259309
52748376652
287840517636
129339511823
926977443629
821548419451
292622649317
885275078001
765591866693
204380923064
401046683708
599288020633
191867079973
158313284704
64765303756
541161114251
197146075459
439763032301
156058243661
490882017420
128635046213
70586690604
516852554117
365572311527
272244107969
947230080485
772323760047
712830889851
354664585855
682159693876
887572335359
238812665548
567966560634
265041232118
455945442948
260060314874
309462320370
862090665117
357889050990
430653635462
574846561313
458633982786
302480645288
36351050545
165763881207
119765166950
267724957482
369873049095
755024882543
295381556479
444873155889
33625285924
490234814558
408198240944
520589385346
417250110041
38469443585
99793353234
909062033811
353855897342
803916794361
538997755321
13700241384
460637197681
47252998472
450313196150
175460525575
210418007703
679317778652
165004028000
48613431268
221131165892
582407825527
320616081064
212982062675
117547456981
815323141791
872068096487
23229460994
472346292520
279644907324
532012054499
332818709308
421682747553
325753124822
47365106938
571313307846
342514372162
290633600338
772394706229
756693616683
607042138553
791545179159
22936465862
43730866850
671209462825
500619867827
230634937568
370305579436
128816908257
537024252371
850277626193
