1000 1000
139049281031186 139172079502008
947103659941786 947706955171800
729592979965717 729689542092533
902656156040956 903292785748072
105440124581439 106330102240148
434563841825526 435306805873351
172282080423011 173047115474810
464686686722778 466192106261306
283269720067852 283553858444186
142957011977879 143934617729092
255684613812874 257506140550526
116192900427904 118432322239529
703505596884040 703906357728356
445504486730139 447989875529630
833165163219574 833957343695851
671221912697744 671241260448122
564888162955788 566664881576378
731069228821178 731511812214932
142755438446113 142957011977878
264567627733935 264872382867722
671241260448123 671668005965622
751347414277972 751597701564352
986642422433268 988643495121097
608649900365264 609329908291417
557914688973681 557931180115317
352525752893529 354292097455784
333725298269971 334055171329863
233897495828239 234825061330681
915057222515375 916341637065974
395078526465778 395749767511385
152535985541385 152746510757389
688153141351594 688321770462280
744527512666 1713692461304
720339455951020 720774049226441
503233426865008 505220478896798
921940207375663 923544340773479
153707092543669 154119963686254
489530520855965 489858023609792
688321770462281 689547963909820
298781488971176 298847944617483
903975718754825 905054735437083
56825485975327 56910956616543
7714315617587 8928599469126
288659657961536 289306472512786
638664224514016 639874106151074
981440015560124 982680684059324
324589403461758 324774090556463
358484408219381 358488515008561
442949834017088 445485397687633
400464035366235 401112393698546
958817825704336 963054119353817
623824522466902 624934373492742
169815266567240 170346854635781
157320265717768 157582539317642
840880223306615 842060207665096
700168309813141 700346503712037
326097721864717 326896015134121
509813584195754 510942737387607
542585656507702 544348618415546
362719253200162 364942803570811
161851046875661 163131600656494
345127762840765 346006993870637
23261688222107 23730390418007
414510337056701 415114220868675
525476099400851 526481848094456
823327980512027 824854472062989
513410204836533 513410353823012
805403674540428 805496525535961
752729143506822 755163493161576
769700352646006 773848155374267
937431715436988 937538413559997
968131602989376 969606148836392
188265718068721 189106862146670
604534641511266 604758312151059
720804099111721 720957506728519
558258308916902 559467006334491
605456904428463 605670354138611
83823117131134 86701420715530
607364268611208 608649900365263
985302706473957 985687383026869
418793629434594 418865980753008
845532325286707 845537304621556
722047221867508 722798919448720
161039365014691 161095292824726
768082502954656 768788562447082
591725918264314 592290073974049
556097283576423 556147048638923
172273019370466 172282080423010
428305705964007 431480804303818
232187806984280 232246561355957
270542293368139 271793382485939
437197916099514 438178760419601
872677493712544 873647997203782
668286758802456 670509116868812
227135939341957 227256672334147
32067789105249 34545713464830
740343122483195 741629447985970
850216668607781 852169074787260
369484182601857 374099171089215
475201945954586 476012301012294
866888093897616 867537376296173
646542160317527 647660269393430
697994939915137 698472438240742
656760953622315 657237954111519
544944565874920 546920863036260
732307468893682 732363638823081
91803530305519 92284740619672
604758312151060 605308432440020
830467333560569 831413494284675
438273518698363 439128367745153
563040938276393 564396045168632
247926030950640 249417123932343
439128367745154 439617197373621
457020199367735 457519191401332
932820988903457 933680498810037
651192899094664 653726871311119
689547963909821 692519534045439
554097877741701 556097283576422
670509116868813 670946005874284
55074280209810 55724281653666
870617601035218 870753162450411
842060207665097 842276055032390
121867430993913 122831399985584
559967654997570 560511134637573
992232382796595 992391071527602
902613078857307 902656156040955
356064203827197 356887592431821
401112393698547 402415362276232
984550297047223 985302706473956
211687072170453 211818903302778
174276859976057 178115034705296
731020255286724 731069228821177
278184013254154 278324936631799
39889059191401 42352501050122
345086020211803 345127762840764
354912556329928 355242107123986
912323821914956 914842989395190
165474875613588 165582400187135
777821218849382 778600351582016
139741109048464 141016335048183
978655531330075 979935963931737
39195223667220 39889059191400
220142043812020 220223141299047
157281300020092 157320265717767
318681098046335 320533327694181
687249169915035 687995622405344
537235917595056 537484692244690
578895625947682 579764978422142
143934617729093 144343353209033
224838190695686 225657337266023
571114637472169 574108094661368
264872382867723 264891664081103
56910956616544 58304931585468
222235494803550 223782268060173
898507674424241 898512061778213
588832063436081 589057407373464
980345463341484 981252203508783
671668005965623 671768322653277
18081346531077 18377506679362
525116704555572 525476099400850
682774627216117 685337963108865
95649089653979 96058157157711
355242107123987 355454899064769
548510752026057 548831502895214
173080901486698 174078969621146
697326325537873 697393568454122
191892690499875 194284600062165
221962869640437 222235494803549
748648562770830 750219290140545
852859830040419 854000412311299
609899962654293 610900484518230
750219290140546 750860672269858
66499641746228 67693041045790
967239657544018 967460609648973
60301221669173 60338771725364
575497167578432 575585012114347
999573952158083 1000000000000000
700809000772800 701103140035314
18377506679363 19072140622052
547252492218342 547597434561065
202684117175297 203435654926366
874297634673059 875332282518252
63054326942663 66147067942444
381250340880292 381592010509910
449484885128655 449954734420815
55724281653667 55805850954888
704508713456583 705076851680633
757991952208620 758549339947036
7529424621580 7714315617586
326896015134122 328304581811778
209700326237800 211687072170452
685337963108866 685642183675545
321276717527199 322147806819521
951366289565027 953225053862906
634804397046146 638664224514015
640918150040775 641403121585808
354702188436947 354912556329927
804609418211153 805403674540427
719923356266738 720339455951019
16855117418910 18081346531076
661900510596338 662870288927962
774297155205609 777821218849381
994753429271862 999573952158082
985687383026870 986187757906728
402415362276233 402969291048856
354446450194673 354702188436946
936629547952123 936750769538394
732363638823082 733384871279770
544842596905945 544926256067456
21215055382566 22785090328325
225657337266024 227135939341956
298847944617484 300310662365278
715697178653723 715983117619642
715672590911067 715697178653722
471074788777162 472028256880720
395749767511386 395763399722922
981252203508784 981440015560123
510942737387608 513410204836532
200911633762474 201509502451554
11664866512724 12175085339508
860425812799726 865199176350434
945737650925356 946885326817589
621597063099301 621864573162197
290731624524446 294989476655013
164445507172945 165138853044754
937136137108756 937431715436987
630264584766638 630913735270019
69002870927675 69185607622729
323717220265303 324347614379208
983415675951018 984547573734687
500093968067952 502683328859715
357645104592199 358484408219380
201509502451555 202410176469209
412077859545703 412151369908661
325299782823579 326097721864716
103744401563305 104234052186780
595746944977914 595954299893260
179873793952892 179903108435521
6778309820282 7529424621579
794786297721100 797530359068411
866204608654661 866888093897615
733831500912778 734815785561810
665412646409955 665572475551060
374463575628855 376597904465595
23730390418008 25260438399420
1713692461305 2031476431555
96058157157712 96090894516795
934757890513634 936629547952122
498011964472841 498644495540951
502683328859716 502926370355497
472653760891014 473340313299145
560511134637574 561710360755375
755520169134785 756317280650132
883863987662848 884019286530555
883703391786063 883863987662847
99711545139080 100012777733209
892104951547455 895727738296715
794342680105465 794786297721099
886762794178697 887063196180634
274628669811116 275891800959849
249417123932344 249496838770088
218951470900337 219995724373146
523630359396604 523643185444911
25912188634028 27152402286336
279832016072707 282453655600324
398628145628563 398691898164265
144343353209034 146669379991871
813588681232418 813985281175774
129432316714252 131034157982315
540841477306617 541241483149390
329242601725849 330008439638499
347563905247489 350526491665181
303619241253101 304783295328599
399841479700423 400464035366234
169740394378481 169815266567239
6311393302826 6778309820281
273043014514891 274628669811115
286362983381560 286386461015277
701399853860651 702472481836696
234825061330682 239232675063462
976168039795904 977887788968217
498644495540952 500093968067951
219995724373147 220142043812019
712245663380409 712625720906776
905988300114521 907299241986933
308851959751825 308902050132485
397783192155939 397992945631021
369274757731285 369484182601856
436895850619374 437197916099513
869632315045072 870617601035217
139480837416318 139741109048463
784326119229219 784697684121503
346006993870638 346229359209498
22980396368660 23261688222106
583143639074045 586387119234225
148867150665195 152383084266089
898512061778214 900714659345383
110288064990699 111687451608462
916739537621157 917209457937221
195511977828261 196766807064084
418865980753009 422831584578707
457977348345677 459434942365795
302414594294458 302834326980134
867537376296174 867857450487968
232246561355958 232739979892295
334055171329864 334248092903120
733384871279771 733831500912777
422831584578708 423283229503084
809477784504193 809752628264281
457621735385178 457977348345676
828241723588626 828901627503077
859562604603323 860425812799725
979935963931738 980345463341483
148702138665805 148867150665194
2031476431556 2488693938880
929847094700102 930094535397122
805496525535962 807117665766974
199662578751191 200911633762473
687995622405345 688017782567232
22785090328326 22980396368659
268839365959628 268862845803257
346229359209499 347563905247488
964571691218046 965581998270559
719377787669271 719923356266737
396568065795324 397783192155938
908481788200540 908854625118150
216957632320608 218951470900336
880548305972812 881527309593800
549346271711482 550434996226343
892020893972671 892104951547454
986187757906729 986642422433267
951166057611286 951215873996749
618203502036201 621597063099300
27159097279649 28447994077443
343994174750235 344195794663068
756317280650133 757829697857815
170346854635782 172188651419109
782427853044632 784326119229218
54996335546382 55074280209809
514595967835270 514675215736184
649540053208682 651192899094663
25260438399421 25789648129945
141016335048184 142755438446112
42352501050123 43481191236240
601921521465054 604534641511265
76767576221013 77239687198150
252834463649219 253323407820488
19072140622053 19964783519968
68152128432303 69002870927674
43481191236241 43695842229755
356887592431822 357356415825985
937538413559998 940588071480787
183537171277463 184166405824056
530225668658778 531701841715346
566664881576379 568690822894406
294989476655014 295982697082943
556147048638924 556462797183370
384774887401051 389113037640807
239426013507473 239961424375480
520450556590749 520886827753168
325101714763646 325299782823578
265021453857048 265962013093289
988643495121098 990246160010380
821972980851711 823327980512026
791677430268484 792301226887132
569519245624282 571114637472168
963054119353818 963187226564103
737043183261081 738730160437515
268388779643403 268839365959627
550871277697699 551133223143446
132674317104877 133250679064804
703906357728357 704508713456582
453303542118424 453423685650545
813985281175775 814424944520038
455047879261798 456244866502033
174078969621147 174276859976056
279760615048388 279832016072706
147259947445793 148702138665804
905054735437084 905112568525695
969606148836393 970493387773876
531701841715347 536704118142704
557530028167269 557849461748058
436104853547598 436895850619373
936866620657703 937136137108755
178115034705297 179873793952891
722798919448721 725390727951143
137739663673877 138971534233834
361182674286880 362719253200161
100012777733210 103744401563304
25789648129946 25912188634027
337959772290071 337977130751833
186623471450898 188265718068720
180272776542908 180594415319163
840081631733339 840439085281844
476012301012295 477291147283944
283553858444187 283861175134580
435306805873352 436104853547597
537484692244691 539860384016010
450023752648225 450619972556773
55805850954889 56825485975326
239961424375481 241008979498019
735358783424598 737043183261080
519180232406937 519293396466191
165138853044755 165474875613587
556462797183371 556505512395595
828901627503078 830388696693211
242613928543306 247484499866263
870753162450412 872677493712543
456244866502034 456863738540499
184921759273743 186623471450897
748188546251586 748648562770829
60338771725365 61748385453657
675701873488624 675841298353317
265962013093290 266362234996361
486725445039985 489530520855964
831413494284676 833165163219573
933680498810038 933939772641388
155892572316901 157281300020091
108313220617746 109281614492220
674928037960985 675248486875444
195311345480355 195511977828260
676128262420279 676698367662751
441115022347325 442949834017087
743128068460605 747431647000812
78186187014603 81329854172426
4986784606517 5645188426215
951215873996750 951366289565026
127827809819001 128229546361147
714524716882455 715144279075600
118432322239530 121306309746579
546920863036261 547252492218341
342811464195531 343994174750234
463236274091911 464582963711885
616842262143446 618203502036200
271793382485940 273043014514890
113492203668862 114079009073504
181331588075759 183537171277462
541280459724279 542585656507701
367296067728986 367322322347184
43695842229756 44209997126840
576195457058014 576459097610893
70186593995993 70427345312483
146669379991872 147259947445792
410585439475153 412077859545702
923913653853944 929847094700101
469377356672761 470450083509308
490774590700939 490829336106093
470450083509309 471074788777161
930094535397123 931945632270426
97758336022379 98734819937169
208710162929354 209332945887227
300381508783658 302414594294457
179932531204618 180272776542907
390291408197439 393919970044354
743114994668535 743128068460604
591575826399980 591725918264313
167954734985603 169740394378480
415114220868676 416125875960218
241008979498020 241026291620979
677077850598995 680229484195299
214474578304538 214498967257693
332035067727836 333725298269970
445485397687634 445504486730138
513410353823013 513446917637427
612146102793813 614549109882898
300310662365279 300336575037643
551481317170759 551647829327381
355454899064770 356064203827196
75093568233193 76767576221012
477291147283945 478347734922072
834381006252005 834776878746157
685836221221563 686684796694712
576795629766024 578895625947681
464582963711886 464686686722777
61748385453658 63054326942662
261002583359565 261744270985007
778600351582017 780971917376769
266667676887245 268388779643402
13441016087871 16855117418909
653844112213049 656760953622314
875332282518253 876222151379282
395763399722923 396568065795323
262215010649892 262832512719955
921191258174116 921940207375662
705076851680634 709260863804576
630913735270020 631835419756847
653726871311120 653844112213048
10251774070058 10826997056921
303226950661335 303619241253100
489858023609793 490024625608642
721420808083142 721813927558236
378155747058290 381250340880291
10826997056922 10832640187050
966959061099776 967239657544017
890136305879983 890480863500951
397992945631022 398628145628562
888360246752740 890045827041068
239232675063463 239426013507472
731511812214933 732307468893681
548498502257107 548510752026056
514675215736185 516726620760521
259479188217242 261002583359564
957534908148703 958817825704335
787087985228984 789050086204937
896738816938061 898507674424240
261744270985008 262215010649891
128557370308803 129432316714251
252349946877134 252834463649218
663858514925949 664651787538347
606486194605212 607364268611207
172188651419110 172273019370465
66147067942445 66499641746227
163745062338743 164365706501987
481871047782730 484245849681926
879031521516730 880548305972811
324774090556464 325101714763645
895727738296716 896685439713317
530168342700289 530225668658777
48952744394553 49150386219932
393919970044355 395078526465777
68024015912545 68152128432302
189958506613291 191892690499874
302834326980135 302855376772711
720957506728520 721420808083141
751597701564353 752434924357098
472028256880721 472653760891013
339292776910204 340454955347760
133250679064805 133458644147448
624934373492743 625763472343583
203584633123087 205760348754401
900714659345384 901929393883417
729689542092534 731020255286723
837692640256358 840081631733338
792708783237200 793820721811697
526481848094457 528751612692591
905112568525696 905988300114520
848089095744048 848464253017083
848084787705120 848089095744047
876222151379283 877252161023750
657237954111520 658153791371646
715144279075601 715484320697564
792301226887133 792708783237199
634240793864867 634364926536432
205760348754402 208710162929353
811311298366997 813581706665692
318516278816059 318681098046334
536704118142705 537235917595055
642023555974741 645507128219513
2488693938881 4986784606516
907299241986934 908481788200539
109281614492221 110288064990698
544348618415547 544842596905944
88513412062376 89610367732521
845537304621557 845961851627582
410321919625386 410585439475152
508349956417808 508815878149909
131216074509275 132674317104876
714031267796178 714524716882454
81329854172427 81337355327864
803117577529249 803643205870332
304783295328600 305379428592265
516726620760522 518412303718362
253323407820489 253742002564114
264891664081104 265021453857047
541241483149391 541280459724278
680229484195300 681605990859498
586387119234226 588308808284729
295982697082944 297615326610633
287963512304503 287971065389091
116153716119259 116192900427903
702550384046078 703277964207867
314259779378955 315057009244839
725390727951144 729346477131991
126019065796704 126261679211060
881527309593801 883703391786062
484245849681927 486725445039984
610900484518231 612146102793812
138999427516833 139049281031185
330684941289652 332035067727835
232739979892296 233556079220507
633452609308389 634240793864866
83569593677945 83823117131133
518412303718363 518707950567777
67693041045791 68024015912544
479248895388495 480539636370060
300336575037644 300381508783657
877962832805676 879031521516729
340454955347761 342811464195530
452718981602050 453303542118423
221669849085180 221962869640436
703277964207868 703505596884039
715484320697565 715672590911066
134158541434114 137053724077873
357356415825986 357645104592198
278324936631800 279760615048387
715983117619643 717115409972596
29012709964949 32067789105248
697393568454123 697994939915136
376597904465596 378155747058289
86701420715531 86750929476620
911290473547986 911359655932834
544926256067457 544944565874919
949205085691922 949613211584955
750860672269859 751347414277971
258216515369507 259479188217241
27152402286337 27159097279648
956205387786727 956665323807605
509213462247855 509813584195753
575585012114348 576195457058013
949901365266812 951166057611285
320533327694182 321276717527198
315057009244840 316556136650090
5645188426216 6311393302825
431480804303819 434563841825525
367322322347185 369274757731284
840439085281845 840880223306614
884019286530556 885475292476249
698472438240743 700168309813140
98977622205473 99157939493266
189106862146671 189958506613290
824854472062990 825643455571313
466192106261307 466316743368304
692519534045440 697326325537872
743009552056650 743114994668534
869457955579712 869632315045071
8928599469127 10251774070057
963187226564104 964571691218045
984547573734688 984550297047222
286386461015278 287292613524495
675248486875445 675701873488623
800932794585334 801544979046749
528751612692592 530168342700288
269444238384061 269714335083210
34545713464831 34660043569801
44507737659249 47011905494898
551133223143447 551481317170758
125171236549357 126019065796703
423283229503085 423646852085001
520188739182473 520450556590748
10905850991562 10918852449400
629341577839374 629654696522282
309891672748790 314159294148810
157582539317643 159782334789929
152746510757390 153707092543668
941808966857972 944250258155638
625763472343584 626042284490733
825643455571314 828241723588625
547597434561066 548498502257106
595142359120860 595746944977913
481377500691039 481871047782729
758549339947037 759290938482231
830388696693212 830467333560568
818006465806745 819377842452363
287292613524496 287963512304502
784697684121504 785624707021778
785729607258353 786596976938760
700346503712038 700462571717677
562402004203620 563040938276392
163131600656495 163361144042813
285956849151782 286362983381559
96090894516796 96701559146529
970493387773877 971721083186728
131176944736271 131216074509274
86750929476621 87890756940873
478347734922073 479248895388494
819377842452364 820036359239941
854834188691127 858853143709617
688017782567233 688153141351593
842276055032391 845532325286706
641403121585809 642023555974740
133458644147449 134158541434113
453423685650546 455047879261797
44209997126841 44507737659248
269714335083211 270542293368138
459639511875297 460404628332876
490024625608643 490774590700938
466316743368305 469036026067668
399564978069578 399841479700422
92284740619673 95649089653978
241026291620980 242613928543305
813581706665693 813588681232417
425398141022143 428305705964006
114079009073505 115936667587476
901929393883418 902613078857306
598323474011385 599022070654746
173047115474811 173080901486697
681605990859499 682034513553470
854758240815021 854834188691126
633376022221860 633452609308388
781701294609398 782427853044631
701103140035315 701399853860650
194284600062166 195311345480354
262832512719956 264567627733934
910856286552983 911290473547985
955498717928285 956205387786726
10918852449401 11477473459867
551647829327382 554010015740312
914842989395191 915057222515374
911359655932835 912323821914955
358488515008562 360142814776298
96701559146530 97758336022378
557849461748059 557914688973680
854179800043679 854758240815020
460404628332877 461901669580696
456863738540500 457020199367734
115936667587477 116153716119258
973108277864713 973566907675801
671768322653278 674658170664477
447989875529631 449484885128654
21140856958049 21215055382565
647660269393431 648812059571646
106966166308405 107456564806619
520886827753169 523028601276148
34660043569802 36416067914880
164365706501988 164445507172944
785624707021779 785653873211301
508815878149910 509213462247854
405923232949895 406259621091544
967460609648974 968131602989375
903336657681511 903975718754824
971721083186729 973011417383907
203435654926367 203584633123086
69591960741688 70186593995992
934076433045351 934757890513633
223782268060174 224142283303651
700462571717678 700809000772799
923544340773480 923913653853943
591560754493589 591575826399979
266362234996362 266667676887244
214498967257694 215426705450612
89610367732522 89782961835042
58304931585469 60301221669172
282453655600325 283269720067851
212509636221499 214474578304537
896685439713318 896738816938060
877252161023751 877962832805675
121306309746580 121867430993912
595954299893261 598323474011384
202410176469210 202684117175296
786596976938761 787087985228983
389113037640808 390291408197438
616425604978685 616842262143445
137053724077874 137739663673876
398691898164266 399564978069577
70563131146665 70937488309349
621864573162198 623824522466901
159782334789930 161039365014690
891749271088204 892020893972670
991389058069675 992232382796594
111687451608463 113492203668861
161095292824727 161851046875660
233556079220508 233897495828238
302855376772712 303226950661334
49150386219933 53523624482833
257506140550527 257896414845036
729384721269045 729592979965716
344195794663069 344308435382244
179903108435522 179932531204617
352044250247358 352525752893528
801856861670619 803117577529248
992391071527603 994753429271861
403600993733739 405016403583811
287971065389092 288659657961535
131034157982316 131176944736270
944250258155639 945737650925355
755163493161577 755520169134784
138971534233835 138999427516832
354292097455785 354446450194672
268862845803258 269444238384060
887063196180635 887332155502817
752434924357099 752729143506821
337977130751834 339292776910203
990246160010381 991389058069674
614549109882899 616425604978684
764253226171889 765181615746880
98734819937170 98977622205472
28447994077444 29012709964948
759290938482232 760018897833327
903292785748073 903336657681510
334248092903121 337248984422755
469036026067669 469377356672760
539860384016011 540841477306616
154119963686255 155892572316900
104234052186781 104453981822653
412151369908662 414510337056700
124158689847632 124643329055701
314159294148811 314259779378954
548831502895215 549000396746697
410089910745675 410321919625385
19964783519969 20525333923643
457519191401333 457621735385177
165582400187136 167954734985602
965581998270560 965831544749081
576459097610894 576795629766023
196766807064085 199662578751190
702472481836697 702550384046077
916369442087743 916739537621156
890480863500952 891749271088203
519293396466192 520188739182472
495123407803495 498011964472840
811227557962525 811311298366996
152383084266090 152535985541384
13286553568970 13441016087870
887419987643721 887535840057893
834776878746158 837692640256357
854000412311300 854179800043678
936750769538395 936866620657702
933939772641389 934076433045350
626695079018850 629341577839373
224142283303652 224838190695685
139172079502009 139480837416317
982680684059325 983415675951017
579764978422143 580073933783926
858853143709618 859562604603322
107456564806620 108313220617745
769659654201297 769700352646005
126261679211061 127827809819000
556505512395596 557530028167268
209332945887228 209700326237799
685696584228670 685836221221562
81337355327865 83569593677944
720774049226442 720804099111720
47011905494899 48952744394552
374099171089216 374463575628854
337248984422756 337792123366423
738730160437516 740343122483194
11477473459868 11664866512723
211818903302779 212509636221498
712625720906777 714031267796177
626042284490734 626666899482842
734815785561811 735358783424597
645507128219514 646542160317526
405016403583812 405923232949894
307362113396503 308851959751824
89782961835043 91803530305518
253742002564115 254109528208247
360142814776299 361182674286879
283861175134581 285956849151781
588308808284730 588832063436080
887332155502818 887419987643720
931945632270427 932820988903456
820036359239942 821972980851710
719182433771068 719377787669270
220223141299048 221669849085179
490829336106094 493048341937849
873647997203783 874297634673058
785653873211302 785729607258352
518707950567778 519180232406936
947706955171801 949205085691921
867857450487969 869457955579711
852169074787261 852859830040418
381592010509911 384774887401050
580073933783927 583143639074044
506583214147692 508349956417807
257896414845037 258216515369506
729346477131992 729384721269044
670946005874285 671221912697743
330487750715808 330684941289651
322147806819522 323717220265302
69185607622730 69591960741687
36416067914881 38601385031992
686684796694713 687249169915034
513446917637428 514595967835269
940588071480788 941808966857971
568690822894407 569519245624281
626666899482843 626695079018849
163361144042814 163745062338742
289306472512787 290731624524445
780971917376770 781701294609397
364942803570812 367296067728985
887535840057894 888360246752739
423646852085002 425398141022142
789050086204938 791677430268483
629654696522283 630264584766637
305379428592266 307362113396502
674658170664478 674928037960984
676698367662752 677077850598994
461901669580697 463236274091910
550434996226344 550871277697698
316556136650091 318516278816058
833957343695852 834381006252004
977887788968218 978655531330074
909011259469914 909289529176480
910228346969075 910856286552982
99157939493267 99711545139079
685642183675546 685696584228669
561710360755376 562402004203619
324347614379209 324589403461757
956665323807606 957534908148702
682034513553471 682774627216116
709260863804577 712245663380408
254109528208248 255684613812873
38601385031993 39195223667219
631835419756848 633376022221859
810447088297848 810529568933278
439617197373622 441115022347324
406259621091545 410089910745674
523028601276149 523630359396603
809752628264282 810447088297847
662870288927963 663858514925948
402969291048857 403600993733738
949613211584956 949901365266811
502926370355498 503233426865007
12175085339509 13286553568969
184166405824057 184921759273742
797530359068412 800932794585333
609329908291418 609899962654292
77239687198151 77794110930160
664651787538348 665412646409954
814424944520039 818006465806744
605670354138612 606486194605211
658153791371647 661900510596337
438178760419602 438273518698362
916341637065975 916369442087742
505220478896799 506583214147691
773848155374268 774297155205608
473340313299146 475201945954585
276377752401072 278184013254153
765595924541715 767643870855855
803643205870333 804609418211152
909289529176481 910228346969074
449954734420816 450023752648224
215426705450613 216957632320607
249496838770089 252349946877133
675841298353318 676067594928669
10832640187051 10905850991561
87890756940874 88513412062375
549000396746698 549346271711481
973011417383908 973108277864712
917209457937222 921191258174115
589057407373465 591560754493588
247484499866264 247926030950639
760018897833328 760762631995846
554010015740313 554097877741700
865199176350435 866204608654660
648812059571647 649540053208681
275891800959850 276377752401071
810529568933279 811227557962524
747431647000813 748188546251585
599022070654747 601921521465053
337792123366424 337959772290070
665572475551061 668286758802455
124643329055702 125171236549356
757829697857816 757991952208619
845961851627583 847586168694580
849658892684568 850216668607780
634364926536433 634804397046145
761630847352977 764253226171888
741629447985971 743009552056649
297615326610634 298781488971175
20525333923644 21140856958048
106330102240149 106966166308404
605308432440021 605456904428462
104453981822654 105440124581438
807117665766975 809477784504192
450619972556774 452718981602049
594839258305938 595142359120859
760762631995847 761630847352976
180594415319164 181331588075758
308902050132486 309891672748789
953225053862907 955498717928284
128229546361148 128557370308802
344308435382245 345086020211802
70427345312484 70563131146664
592290073974050 594839258305937
122831399985585 124158689847631
77794110930161 78186187014602
767643870855856 768082502954655
973566907675802 976168039795903
493048341937850 495123407803494
416125875960219 418793629434593
328304581811779 329242601725848
849495339335031 849658892684567
717115409972597 719182433771067
564396045168633 564888162955787
53523624482834 54996335546381
801544979046750 801856861670618
765181615746881 765595924541714
459434942365796 459639511875296
885475292476250 886762794178696
523643185444912 525116704555571
574108094661369 575497167578431
908854625118151 909011259469913
768788562447083 769659654201296
721813927558237 722047221867507
847586168694581 848084787705119
848464253017084 849495339335030
480539636370061 481377500691038
557931180115318 558258308916901
946885326817590 947103659941785
330008439638500 330487750715807
70937488309350 75093568233192
793820721811698 794342680105464
890045827041069 890136305879982
639874106151075 640918150040774
965831544749082 966959061099775
559467006334492 559967654997569
676067594928670 676128262420278
350526491665182 352044250247357
227256672334148 232187806984279
4